Read data time:  0.505758
Count motifs time:  530.799363
End-to-end Time:  531.305121
0101 	 99802 
010101 	 47295 
01010101 	 30027 
01010102 	 563 
01010110 	 1927 
01010112 	 75 
01010120 	 129 
01010121 	 142 
010102 	 2099 
01010201 	 380 
01010202 	 461 
01010203 	 396 
01010210 	 79 
01010212 	 2 
01010213 	 7 
01010220 	 196 
01010221 	 1 
01010223 	 8 
01010230 	 10 
01010231 	 6 
01010232 	 10 
010110 	 14399 
01011001 	 8593 
01011002 	 97 
01011010 	 2717 
01011012 	 84 
01011020 	 49 
01011021 	 41 
010112 	 312 
01011201 	 26 
01011202 	 1 
01011203 	 5 
01011210 	 34 
01011212 	 64 
01011213 	 25 
01011220 	 1 
01011221 	 49 
01011223 	 6 
01011230 	 5 
01011231 	 5 
01011232 	 1 
010120 	 444 
01012001 	 57 
01012002 	 159 
01012003 	 6 
01012010 	 23 
01012012 	 1 
01012013 	 1 
01012020 	 35 
01012021 	 1 
01012023 	 36 
01012030 	 8 
01012031 	 4 
01012032 	 6 
010121 	 495 
01012101 	 80 
01012102 	 1 
01012103 	 10 
01012110 	 16 
01012112 	 37 
01012113 	 8 
01012120 	 3 
01012121 	 95 
01012123 	 18 
01012130 	 3 
01012131 	 30 
01012132 	 3 
0102 	 26649 
010201 	 1678 
01020101 	 421 
01020102 	 425 
01020103 	 179 
01020110 	 92 
01020112 	 3 
01020113 	 1 
01020120 	 97 
01020123 	 10 
01020130 	 7 
01020131 	 6 
01020132 	 7 
010202 	 2045 
01020201 	 250 
01020202 	 613 
01020203 	 385 
01020210 	 59 
01020213 	 13 
01020220 	 102 
01020221 	 1 
01020223 	 12 
01020230 	 18 
01020231 	 18 
01020232 	 11 
010203 	 10774 
01020301 	 393 
01020302 	 192 
01020303 	 357 
01020304 	 6697 
01020310 	 183 
01020312 	 4 
01020313 	 1 
01020314 	 74 
01020320 	 182 
01020321 	 5 
01020323 	 3 
01020324 	 84 
01020330 	 249 
01020331 	 7 
01020332 	 2 
01020334 	 83 
01020340 	 218 
01020341 	 79 
01020342 	 70 
01020343 	 67 
010210 	 1530 
01021001 	 633 
01021002 	 78 
01021003 	 80 
01021010 	 78 
01021012 	 5 
01021013 	 26 
01021020 	 217 
01021021 	 4 
01021023 	 12 
01021030 	 28 
01021031 	 9 
01021032 	 5 
010212 	 28 
01021201 	 2 
01021202 	 2 
01021210 	 4 
01021212 	 3 
01021213 	 2 
01021220 	 2 
01021221 	 4 
01021232 	 1 
010213 	 228 
01021301 	 5 
01021302 	 5 
01021303 	 1 
01021304 	 28 
01021310 	 13 
01021313 	 12 
01021314 	 54 
01021320 	 6 
01021324 	 3 
01021331 	 22 
01021334 	 6 
01021340 	 3 
01021341 	 2 
01021342 	 1 
01021343 	 2 
010220 	 2263 
01022001 	 93 
01022002 	 1073 
01022003 	 94 
01022010 	 170 
01022012 	 5 
01022013 	 7 
01022020 	 76 
01022021 	 7 
01022023 	 43 
01022030 	 38 
01022031 	 9 
01022032 	 20 
010221 	 19 
01022101 	 1 
01022102 	 1 
01022103 	 1 
01022110 	 1 
01022112 	 2 
01022113 	 1 
01022120 	 4 
01022121 	 2 
01022123 	 2 
01022130 	 1 
010223 	 241 
01022301 	 7 
01022302 	 4 
01022304 	 19 
01022310 	 6 
01022314 	 2 
01022320 	 20 
01022321 	 2 
01022323 	 13 
01022324 	 56 
01022332 	 24 
01022334 	 6 
01022340 	 5 
01022341 	 1 
01022342 	 6 
01022343 	 1 
010230 	 533 
01023001 	 5 
01023002 	 18 
01023003 	 124 
01023004 	 80 
01023010 	 16 
01023014 	 5 
01023020 	 23 
01023024 	 4 
01023030 	 15 
01023031 	 3 
01023032 	 3 
01023034 	 39 
01023040 	 46 
01023041 	 8 
01023042 	 3 
01023043 	 5 
010231 	 207 
01023101 	 3 
01023102 	 9 
01023103 	 1 
01023104 	 8 
01023110 	 9 
01023112 	 1 
01023113 	 29 
01023114 	 5 
01023120 	 6 
01023124 	 3 
01023130 	 2 
01023131 	 8 
01023132 	 19 
01023134 	 30 
01023140 	 4 
01023141 	 14 
01023142 	 4 
01023143 	 4 
010232 	 200 
01023201 	 7 
01023202 	 8 
01023203 	 1 
01023204 	 11 
01023210 	 4 
01023214 	 1 
01023220 	 8 
01023223 	 20 
01023224 	 4 
01023230 	 2 
01023231 	 22 
01023232 	 9 
01023234 	 37 
01023240 	 4 
01023241 	 4 
01023242 	 9 
01023243 	 4 
0110 	 192730 
011001 	 123625 
01100101 	 9050 
01100102 	 876 
01100110 	 84767 
01100112 	 737 
01100120 	 467 
01100121 	 449 
011002 	 1793 
01100201 	 382 
01100202 	 171 
01100203 	 144 
01100210 	 55 
01100212 	 3 
01100213 	 21 
01100220 	 428 
01100223 	 19 
01100230 	 20 
01100231 	 12 
01100232 	 9 
011010 	 14768 
01101001 	 9373 
01101002 	 69 
01101010 	 1987 
01101012 	 122 
01101020 	 45 
01101021 	 55 
011012 	 1755 
01101201 	 414 
01101202 	 3 
01101203 	 15 
01101210 	 94 
01101212 	 156 
01101213 	 131 
01101220 	 1 
01101221 	 398 
01101223 	 20 
01101230 	 13 
01101231 	 14 
01101232 	 18 
011020 	 991 
01102001 	 205 
01102002 	 319 
01102003 	 20 
01102010 	 35 
01102012 	 1 
01102013 	 2 
01102020 	 50 
01102021 	 10 
01102023 	 56 
01102030 	 19 
01102031 	 4 
01102032 	 14 
011021 	 1053 
01102101 	 192 
01102103 	 7 
01102110 	 28 
01102112 	 433 
01102113 	 15 
01102120 	 12 
01102121 	 56 
01102123 	 50 
01102130 	 5 
01102131 	 17 
01102132 	 13 
0112 	 4822 
011201 	 178 
01120101 	 26 
01120102 	 1 
01120103 	 1 
01120110 	 61 
01120112 	 19 
01120113 	 6 
01120121 	 18 
01120130 	 1 
01120132 	 1 
011202 	 11 
01120201 	 1 
01120202 	 1 
01120203 	 1 
01120210 	 2 
01120212 	 1 
01120220 	 1 
01120221 	 2 
01120223 	 1 
011203 	 96 
01120301 	 4 
01120302 	 3 
01120303 	 7 
01120304 	 15 
01120310 	 7 
01120312 	 6 
01120314 	 4 
01120320 	 1 
01120321 	 6 
01120324 	 1 
01120330 	 16 
01120334 	 1 
01120341 	 1 
011210 	 883 
01121001 	 363 
01121002 	 2 
01121003 	 12 
01121010 	 50 
01121012 	 71 
01121013 	 37 
01121021 	 160 
01121023 	 5 
01121030 	 3 
01121031 	 12 
01121032 	 3 
011212 	 438 
01121201 	 18 
01121202 	 1 
01121203 	 4 
01121210 	 40 
01121212 	 126 
01121213 	 25 
01121220 	 1 
01121221 	 57 
01121223 	 5 
01121230 	 2 
01121231 	 4 
01121232 	 4 
011213 	 542 
01121301 	 6 
01121303 	 1 
01121304 	 6 
01121310 	 37 
01121312 	 15 
01121313 	 16 
01121314 	 248 
01121321 	 30 
01121323 	 2 
01121324 	 8 
01121331 	 34 
01121334 	 1 
01121340 	 6 
01121341 	 7 
01121342 	 1 
01121343 	 3 
011220 	 5 
01122010 	 1 
01122020 	 2 
01122021 	 2 
011221 	 955 
01122101 	 20 
01122102 	 3 
01122103 	 9 
01122110 	 139 
01122112 	 418 
01122113 	 29 
01122120 	 3 
01122121 	 39 
01122123 	 22 
01122130 	 6 
01122131 	 10 
01122132 	 8 
011223 	 71 
01122301 	 2 
01122302 	 2 
01122304 	 2 
01122310 	 8 
01122312 	 4 
01122313 	 1 
01122314 	 1 
01122321 	 6 
01122323 	 2 
01122324 	 9 
01122332 	 10 
01122334 	 2 
01122340 	 1 
01122342 	 2 
011230 	 45 
01123003 	 15 
01123004 	 3 
01123010 	 4 
01123012 	 1 
01123014 	 2 
01123021 	 2 
01123031 	 1 
01123034 	 3 
01123040 	 2 
01123041 	 1 
01123042 	 1 
01123043 	 1 
011231 	 99 
01123101 	 3 
01123102 	 1 
01123104 	 2 
01123110 	 11 
01123112 	 2 
01123113 	 18 
01123114 	 9 
01123121 	 6 
01123130 	 1 
01123131 	 9 
01123132 	 2 
01123134 	 7 
01123141 	 7 
01123142 	 2 
011232 	 48 
01123201 	 1 
01123204 	 1 
01123210 	 3 
01123212 	 2 
01123214 	 3 
01123220 	 1 
01123221 	 4 
01123223 	 5 
01123232 	 3 
01123234 	 4 
01123241 	 1 
01123242 	 6 
01123243 	 1 
0120 	 5227 
012001 	 261 
01200101 	 50 
01200102 	 70 
01200103 	 10 
01200110 	 35 
01200120 	 18 
01200121 	 1 
01200123 	 3 
01200130 	 2 
01200131 	 4 
01200132 	 1 
012002 	 1919 
01200201 	 95 
01200202 	 103 
01200203 	 52 
01200210 	 191 
01200212 	 2 
01200213 	 14 
01200220 	 935 
01200221 	 6 
01200223 	 24 
01200230 	 27 
01200231 	 15 
01200232 	 13 
012003 	 252 
01200301 	 8 
01200302 	 33 
01200303 	 8 
01200304 	 79 
01200310 	 22 
01200314 	 1 
01200320 	 6 
01200324 	 7 
01200330 	 19 
01200334 	 4 
01200340 	 8 
01200342 	 3 
01200343 	 2 
012010 	 565 
01201001 	 166 
01201002 	 183 
01201003 	 23 
01201010 	 31 
01201013 	 10 
01201020 	 20 
01201023 	 11 
01201030 	 9 
01201031 	 2 
01201032 	 4 
012012 	 5 
01201202 	 1 
01201203 	 1 
01201210 	 2 
01201213 	 1 
012013 	 33 
01201302 	 5 
01201304 	 1 
01201310 	 3 
01201313 	 2 
01201314 	 6 
01201320 	 1 
01201324 	 1 
01201331 	 4 
01201341 	 1 
01201343 	 1 
012020 	 298 
01202001 	 14 
01202002 	 87 
01202003 	 5 
01202010 	 17 
01202012 	 1 
01202020 	 52 
01202021 	 1 
01202023 	 10 
01202030 	 10 
01202031 	 3 
01202032 	 3 
012021 	 37 
01202101 	 1 
01202102 	 9 
01202110 	 3 
01202112 	 4 
01202113 	 1 
01202120 	 1 
01202123 	 8 
01202130 	 1 
01202132 	 1 
012023 	 312 
01202301 	 13 
01202302 	 25 
01202303 	 1 
01202304 	 5 
01202310 	 7 
01202314 	 4 
01202320 	 13 
01202321 	 2 
01202323 	 8 
01202324 	 123 
01202330 	 1 
01202332 	 23 
01202334 	 4 
01202340 	 7 
01202341 	 2 
01202342 	 4 
01202343 	 1 
012030 	 145 
01203001 	 3 
01203002 	 16 
01203003 	 33 
01203004 	 14 
01203010 	 10 
01203020 	 1 
01203021 	 1 
01203024 	 2 
01203030 	 4 
01203034 	 13 
01203040 	 9 
01203041 	 1 
01203042 	 2 
012031 	 31 
01203101 	 1 
01203102 	 5 
01203104 	 1 
01203110 	 3 
01203113 	 2 
01203131 	 3 
01203134 	 2 
01203141 	 1 
01203143 	 2 
012032 	 59 
01203202 	 10 
01203204 	 2 
01203214 	 1 
01203220 	 3 
01203223 	 18 
01203224 	 5 
01203232 	 4 
01203234 	 5 
01203240 	 1 
01203242 	 1 
0121 	 4875 
012101 	 298 
01210101 	 74 
01210102 	 5 
01210103 	 5 
01210110 	 39 
01210112 	 8 
01210113 	 4 
01210120 	 1 
01210121 	 40 
01210123 	 4 
01210131 	 11 
01210132 	 2 
012102 	 14 
01210201 	 2 
01210202 	 2 
01210220 	 6 
012103 	 76 
01210301 	 2 
01210303 	 7 
01210304 	 17 
01210310 	 2 
01210312 	 2 
01210321 	 4 
01210323 	 1 
01210324 	 3 
01210330 	 11 
01210331 	 1 
01210340 	 1 
01210341 	 2 
01210343 	 1 
012110 	 509 
01211001 	 176 
01211002 	 2 
01211003 	 3 
01211010 	 15 
01211012 	 186 
01211013 	 15 
01211020 	 1 
01211021 	 20 
01211023 	 12 
01211030 	 4 
01211031 	 12 
01211032 	 1 
012112 	 820 
01211201 	 23 
01211202 	 2 
01211203 	 9 
01211210 	 131 
01211212 	 31 
01211213 	 19 
01211220 	 2 
01211221 	 371 
01211223 	 16 
01211230 	 3 
01211231 	 12 
01211232 	 8 
012113 	 101 
01211301 	 3 
01211304 	 2 
01211310 	 12 
01211312 	 14 
01211313 	 5 
01211314 	 16 
01211321 	 3 
01211324 	 3 
01211331 	 11 
01211341 	 1 
01211342 	 1 
012120 	 35 
01212001 	 2 
01212002 	 11 
01212010 	 4 
01212012 	 1 
01212013 	 1 
01212020 	 3 
01212021 	 1 
01212023 	 7 
012121 	 482 
01212101 	 45 
01212102 	 1 
01212103 	 5 
01212110 	 11 
01212112 	 45 
01212113 	 4 
01212120 	 3 
01212121 	 141 
01212123 	 16 
01212130 	 3 
01212131 	 26 
01212132 	 2 
012123 	 318 
01212301 	 8 
01212303 	 1 
01212304 	 6 
01212310 	 8 
01212312 	 14 
01212314 	 6 
01212320 	 2 
01212321 	 7 
01212323 	 12 
01212324 	 129 
01212332 	 20 
01212334 	 3 
01212340 	 2 
01212341 	 19 
01212342 	 6 
01212343 	 13 
012130 	 38 
01213001 	 1 
01213003 	 9 
01213004 	 2 
01213010 	 1 
01213021 	 2 
01213024 	 1 
01213030 	 2 
01213034 	 6 
01213040 	 1 
01213041 	 1 
012131 	 449 
01213101 	 3 
01213104 	 4 
01213110 	 4 
01213112 	 13 
01213113 	 9 
01213114 	 4 
01213121 	 12 
01213123 	 1 
01213124 	 2 
01213131 	 32 
01213134 	 37 
01213141 	 198 
01213142 	 3 
01213143 	 4 
012132 	 65 
01213201 	 1 
01213204 	 2 
01213210 	 1 
01213212 	 9 
01213214 	 1 
01213221 	 2 
01213223 	 18 
01213224 	 3 
01213232 	 3 
01213234 	 7 
01213240 	 1 
01213242 	 2 
