Read data time:  0.642222
Count motifs time:  593.316205
End-to-end Time:  593.958426
0101 	 128036 
010101 	 52825 
01010101 	 23405 
01010102 	 768 
01010110 	 5336 
01010112 	 340 
01010120 	 320 
01010121 	 329 
010102 	 2597 
01010201 	 545 
01010202 	 422 
01010203 	 232 
01010210 	 117 
01010212 	 2 
01010213 	 14 
01010220 	 260 
01010221 	 1 
01010223 	 16 
01010230 	 29 
01010231 	 15 
01010232 	 11 
010110 	 20492 
01011001 	 10258 
01011002 	 175 
01011010 	 2771 
01011012 	 139 
01011020 	 110 
01011021 	 111 
010112 	 996 
01011201 	 160 
01011203 	 10 
01011210 	 73 
01011212 	 144 
01011213 	 31 
01011221 	 182 
01011223 	 16 
01011230 	 3 
01011231 	 17 
01011232 	 10 
010120 	 955 
01012001 	 134 
01012002 	 248 
01012003 	 19 
01012010 	 40 
01012012 	 1 
01012013 	 4 
01012020 	 138 
01012021 	 1 
01012023 	 38 
01012030 	 13 
01012031 	 4 
01012032 	 8 
010121 	 962 
01012101 	 151 
01012102 	 1 
01012103 	 5 
01012110 	 50 
01012112 	 169 
01012113 	 18 
01012121 	 176 
01012123 	 25 
01012130 	 4 
01012131 	 25 
01012132 	 10 
0102 	 13871 
010201 	 2021 
01020101 	 518 
01020102 	 266 
01020103 	 141 
01020110 	 183 
01020112 	 1 
01020113 	 22 
01020120 	 77 
01020121 	 1 
01020123 	 14 
01020130 	 21 
01020131 	 12 
01020132 	 11 
010202 	 2345 
01020201 	 274 
01020202 	 663 
01020203 	 159 
01020210 	 58 
01020213 	 18 
01020220 	 179 
01020223 	 25 
01020230 	 27 
01020231 	 11 
01020232 	 19 
010203 	 1622 
01020301 	 158 
01020302 	 138 
01020303 	 162 
01020304 	 261 
01020310 	 29 
01020314 	 12 
01020320 	 38 
01020324 	 14 
01020330 	 99 
01020332 	 1 
01020334 	 17 
01020340 	 36 
01020341 	 9 
01020342 	 7 
01020343 	 9 
010210 	 855 
01021001 	 298 
01021002 	 52 
01021003 	 25 
01021010 	 70 
01021012 	 1 
01021013 	 8 
01021020 	 91 
01021021 	 2 
01021023 	 6 
01021030 	 8 
01021031 	 6 
01021032 	 8 
010212 	 17 
01021202 	 2 
01021203 	 1 
01021210 	 1 
01021212 	 4 
01021221 	 2 
010213 	 92 
01021301 	 1 
01021302 	 10 
01021303 	 1 
01021304 	 5 
01021310 	 1 
01021313 	 21 
01021314 	 1 
01021320 	 3 
01021324 	 1 
01021331 	 11 
01021334 	 2 
01021340 	 1 
01021341 	 3 
01021343 	 1 
010220 	 1684 
01022001 	 110 
01022002 	 753 
01022003 	 44 
01022010 	 73 
01022013 	 7 
01022020 	 104 
01022021 	 4 
01022023 	 10 
01022030 	 32 
01022031 	 5 
01022032 	 7 
010221 	 7 
01022101 	 1 
01022121 	 2 
01022131 	 1 
010223 	 138 
01022301 	 7 
01022302 	 8 
01022304 	 6 
01022310 	 1 
01022320 	 11 
01022323 	 16 
01022324 	 7 
01022332 	 28 
01022334 	 2 
01022343 	 1 
010230 	 250 
01023001 	 15 
01023002 	 15 
01023003 	 70 
01023004 	 11 
01023010 	 4 
01023014 	 1 
01023020 	 10 
01023024 	 1 
01023030 	 31 
01023032 	 1 
01023034 	 7 
01023040 	 7 
01023041 	 2 
01023042 	 2 
01023043 	 3 
010231 	 85 
01023101 	 2 
01023102 	 6 
01023104 	 1 
01023110 	 3 
01023113 	 12 
01023114 	 6 
01023120 	 4 
01023130 	 1 
01023131 	 14 
01023132 	 1 
01023134 	 1 
01023140 	 3 
01023141 	 2 
01023143 	 1 
010232 	 81 
01023201 	 4 
01023202 	 6 
01023204 	 7 
01023210 	 2 
01023214 	 2 
01023220 	 2 
01023223 	 7 
01023224 	 2 
01023232 	 12 
01023234 	 6 
01023240 	 1 
01023242 	 1 
01023243 	 1 
0110 	 170519 
011001 	 84503 
01100101 	 9423 
01100102 	 684 
01100110 	 33924 
01100112 	 595 
01100120 	 461 
01100121 	 537 
011002 	 1500 
01100201 	 239 
01100202 	 250 
01100203 	 75 
01100210 	 63 
01100212 	 1 
01100213 	 5 
01100220 	 298 
01100223 	 15 
01100230 	 16 
01100231 	 6 
01100232 	 11 
011010 	 17147 
01101001 	 6041 
01101002 	 119 
01101010 	 3947 
01101012 	 196 
01101020 	 113 
01101021 	 86 
011012 	 1433 
01101201 	 206 
01101202 	 5 
01101203 	 7 
01101210 	 115 
01101212 	 225 
01101213 	 72 
01101221 	 240 
01101223 	 14 
01101230 	 5 
01101231 	 19 
01101232 	 11 
011020 	 1141 
01102001 	 162 
01102002 	 261 
01102003 	 23 
01102010 	 44 
01102013 	 5 
01102020 	 186 
01102021 	 2 
01102023 	 33 
01102030 	 21 
01102031 	 2 
01102032 	 9 
011021 	 1109 
01102101 	 166 
01102103 	 4 
01102110 	 52 
01102112 	 275 
01102113 	 14 
01102120 	 2 
01102121 	 151 
01102123 	 23 
01102130 	 2 
01102131 	 17 
01102132 	 19 
0112 	 5835 
011201 	 498 
01120101 	 142 
01120102 	 2 
01120103 	 4 
01120110 	 94 
01120112 	 47 
01120113 	 7 
01120121 	 50 
01120123 	 4 
01120130 	 3 
01120131 	 5 
01120132 	 5 
011202 	 5 
01120202 	 1 
01120220 	 1 
011203 	 59 
01120301 	 5 
01120303 	 9 
01120304 	 4 
01120312 	 3 
01120314 	 2 
01120321 	 7 
01120330 	 8 
01120334 	 1 
01120341 	 1 
011210 	 688 
01121001 	 183 
01121002 	 1 
01121003 	 2 
01121010 	 93 
01121012 	 57 
01121013 	 16 
01121021 	 62 
01121023 	 1 
01121031 	 17 
01121032 	 4 
011212 	 934 
01121201 	 44 
01121203 	 4 
01121210 	 53 
01121212 	 319 
01121213 	 44 
01121221 	 129 
01121223 	 5 
01121230 	 7 
01121231 	 10 
01121232 	 8 
011213 	 254 
01121301 	 10 
01121304 	 1 
01121310 	 28 
01121312 	 24 
01121313 	 30 
01121314 	 41 
01121321 	 13 
01121324 	 1 
01121331 	 23 
01121334 	 3 
01121340 	 2 
01121341 	 9 
01121342 	 2 
01121343 	 1 
011220 	 3 
01122010 	 1 
011221 	 1218 
01122101 	 60 
01122102 	 1 
01122103 	 14 
01122110 	 83 
01122112 	 545 
01122113 	 27 
01122120 	 1 
01122121 	 86 
01122123 	 10 
01122130 	 4 
01122131 	 15 
01122132 	 3 
011223 	 72 
01122301 	 4 
01122302 	 1 
01122310 	 6 
01122312 	 4 
01122314 	 2 
01122321 	 6 
01122323 	 8 
01122324 	 3 
01122332 	 18 
01122334 	 1 
011230 	 36 
01123001 	 1 
01123003 	 5 
01123004 	 1 
01123010 	 2 
01123012 	 1 
01123014 	 2 
01123021 	 1 
01123024 	 1 
01123030 	 5 
01123034 	 2 
011231 	 97 
01123101 	 1 
01123104 	 1 
01123110 	 5 
01123112 	 10 
01123113 	 22 
01123114 	 4 
01123121 	 7 
01123131 	 13 
01123132 	 1 
01123134 	 3 
01123141 	 2 
01123142 	 3 
011232 	 43 
01123201 	 2 
01123204 	 1 
01123210 	 2 
01123212 	 6 
01123214 	 1 
01123221 	 2 
01123223 	 7 
01123232 	 6 
01123234 	 1 
01123241 	 1 
01123242 	 1 
0120 	 5960 
012001 	 489 
01200101 	 122 
01200102 	 48 
01200103 	 11 
01200110 	 68 
01200113 	 5 
01200120 	 45 
01200121 	 1 
01200123 	 5 
01200130 	 7 
01200131 	 1 
012002 	 1676 
01200201 	 96 
01200202 	 147 
01200203 	 20 
01200210 	 74 
01200213 	 12 
01200220 	 693 
01200223 	 11 
01200230 	 26 
01200231 	 10 
01200232 	 7 
012003 	 138 
01200301 	 5 
01200302 	 17 
01200303 	 15 
01200304 	 16 
01200310 	 4 
01200314 	 3 
01200320 	 6 
01200324 	 4 
01200330 	 18 
01200334 	 1 
01200340 	 5 
01200342 	 2 
01200343 	 2 
012010 	 511 
01201001 	 148 
01201002 	 86 
01201003 	 6 
01201010 	 49 
01201013 	 2 
01201020 	 37 
01201023 	 7 
01201030 	 6 
01201031 	 3 
01201032 	 4 
012012 	 5 
01201202 	 2 
01201203 	 1 
012013 	 27 
01201301 	 1 
01201302 	 1 
01201310 	 3 
01201313 	 3 
01201320 	 2 
01201331 	 2 
01201342 	 1 
01201343 	 1 
012020 	 905 
01202001 	 56 
01202002 	 137 
01202003 	 13 
01202010 	 30 
01202013 	 2 
01202020 	 317 
01202021 	 3 
01202023 	 17 
01202030 	 9 
01202031 	 4 
01202032 	 9 
012021 	 16 
01202102 	 1 
01202120 	 3 
01202123 	 1 
01202130 	 1 
012023 	 173 
01202301 	 10 
01202302 	 12 
01202304 	 1 
01202310 	 3 
01202314 	 1 
01202320 	 23 
01202323 	 26 
01202324 	 20 
01202332 	 17 
01202334 	 2 
01202340 	 2 
01202341 	 2 
01202342 	 5 
012030 	 91 
01203001 	 5 
01203002 	 10 
01203003 	 10 
01203004 	 1 
01203010 	 5 
01203020 	 7 
01203030 	 13 
01203034 	 5 
01203040 	 2 
01203041 	 2 
01203042 	 1 
012031 	 46 
01203101 	 2 
01203102 	 1 
01203110 	 4 
01203113 	 12 
01203120 	 2 
01203131 	 4 
01203134 	 1 
01203141 	 1 
01203142 	 2 
01203143 	 1 
012032 	 63 
01203201 	 1 
01203202 	 7 
01203210 	 2 
01203214 	 1 
01203220 	 1 
01203223 	 10 
01203224 	 2 
01203230 	 1 
01203232 	 12 
01203234 	 4 
01203240 	 1 
01203243 	 1 
0121 	 5326 
012101 	 507 
01210101 	 148 
01210103 	 8 
01210110 	 78 
01210112 	 25 
01210113 	 6 
01210121 	 54 
01210123 	 8 
01210130 	 4 
01210131 	 15 
01210132 	 2 
012102 	 5 
01210220 	 2 
01210223 	 1 
012103 	 52 
01210301 	 1 
01210303 	 5 
01210304 	 10 
01210310 	 2 
01210312 	 4 
01210314 	 2 
01210321 	 3 
01210330 	 9 
01210341 	 1 
01210342 	 1 
012110 	 471 
01211001 	 160 
01211002 	 2 
01211003 	 5 
01211010 	 33 
01211012 	 80 
01211013 	 7 
01211021 	 33 
01211023 	 7 
01211030 	 1 
01211031 	 5 
01211032 	 3 
012112 	 1078 
01211201 	 57 
01211202 	 1 
01211203 	 7 
01211210 	 68 
01211212 	 69 
01211213 	 25 
01211220 	 1 
01211221 	 504 
01211223 	 7 
01211230 	 5 
01211231 	 20 
01211232 	 10 
012113 	 105 
01211301 	 3 
01211310 	 7 
01211312 	 13 
01211313 	 14 
01211314 	 8 
01211321 	 12 
01211331 	 18 
01211334 	 2 
01211340 	 1 
01211341 	 3 
012120 	 7 
01212020 	 2 
01212023 	 1 
012121 	 965 
01212101 	 67 
01212103 	 4 
01212110 	 29 
01212112 	 138 
01212113 	 14 
01212120 	 1 
01212121 	 325 
01212123 	 25 
01212130 	 6 
01212131 	 25 
01212132 	 4 
012123 	 152 
01212301 	 6 
01212304 	 2 
01212310 	 6 
01212312 	 11 
01212314 	 2 
01212321 	 19 
01212323 	 26 
01212324 	 17 
01212332 	 15 
01212334 	 1 
01212340 	 2 
01212341 	 3 
01212342 	 2 
01212343 	 2 
012130 	 29 
01213001 	 3 
01213003 	 2 
01213004 	 1 
01213010 	 2 
01213012 	 1 
01213021 	 1 
01213030 	 7 
01213034 	 1 
01213040 	 3 
012131 	 143 
01213101 	 5 
01213110 	 1 
01213112 	 8 
01213113 	 21 
01213114 	 4 
01213121 	 11 
01213124 	 3 
01213131 	 18 
01213134 	 5 
01213141 	 9 
01213143 	 1 
012132 	 60 
01213201 	 4 
01213210 	 2 
01213212 	 5 
01213221 	 4 
01213223 	 15 
01213224 	 1 
01213232 	 9 
01213234 	 2 
01213241 	 2 
01213242 	 2 
01213243 	 1 
