Read data time:  1.044545
Count motifs time:  160.628354
End-to-end Time:  161.672899
0101 	 57474 
010101 	 10612 
01010101 	 2957 
01010102 	 209 
01010110 	 597 
01010112 	 134 
01010120 	 80 
01010121 	 313 
010102 	 1575 
01010201 	 123 
01010202 	 112 
01010203 	 159 
01010210 	 38 
01010212 	 6 
01010213 	 15 
01010220 	 55 
01010221 	 1 
01010223 	 17 
01010230 	 7 
01010231 	 22 
01010232 	 57 
010110 	 5658 
01011001 	 1350 
01011002 	 90 
01011010 	 611 
01011012 	 43 
01011020 	 113 
01011021 	 59 
010112 	 787 
01011201 	 43 
01011202 	 4 
01011203 	 14 
01011210 	 42 
01011212 	 39 
01011213 	 13 
01011221 	 122 
01011223 	 10 
01011230 	 3 
01011231 	 12 
01011232 	 25 
010120 	 521 
01012001 	 50 
01012002 	 35 
01012003 	 10 
01012010 	 57 
01012013 	 1 
01012020 	 32 
01012023 	 6 
01012030 	 21 
01012031 	 8 
01012032 	 1 
010121 	 2983 
01012101 	 274 
01012102 	 1 
01012103 	 57 
01012110 	 114 
01012112 	 150 
01012113 	 44 
01012120 	 1 
01012121 	 246 
01012123 	 39 
01012130 	 17 
01012131 	 274 
01012132 	 21 
0102 	 21784 
010201 	 845 
01020101 	 88 
01020102 	 39 
01020103 	 85 
01020110 	 19 
01020112 	 1 
01020113 	 15 
01020120 	 17 
01020121 	 2 
01020123 	 8 
01020130 	 9 
01020131 	 19 
01020132 	 3 
010202 	 1234 
01020201 	 53 
01020202 	 103 
01020203 	 109 
01020210 	 17 
01020213 	 8 
01020220 	 41 
01020223 	 10 
01020230 	 9 
01020231 	 2 
01020232 	 39 
010203 	 2438 
01020301 	 72 
01020302 	 52 
01020303 	 92 
01020304 	 362 
01020310 	 11 
01020312 	 4 
01020313 	 1 
01020314 	 13 
01020320 	 11 
01020323 	 1 
01020324 	 13 
01020330 	 25 
01020332 	 3 
01020334 	 22 
01020340 	 20 
01020341 	 10 
01020342 	 21 
01020343 	 75 
010210 	 589 
01021001 	 54 
01021002 	 23 
01021003 	 13 
01021010 	 16 
01021012 	 1 
01021013 	 3 
01021020 	 163 
01021023 	 4 
01021030 	 10 
01021031 	 1 
01021032 	 8 
010212 	 87 
01021201 	 1 
01021202 	 5 
01021203 	 3 
01021210 	 3 
01021212 	 1 
01021220 	 3 
01021221 	 18 
01021231 	 1 
01021232 	 1 
010213 	 194 
01021301 	 2 
01021302 	 5 
01021304 	 10 
01021310 	 7 
01021313 	 7 
01021314 	 5 
01021320 	 1 
01021331 	 17 
01021334 	 3 
01021340 	 1 
01021341 	 1 
01021342 	 4 
01021343 	 7 
010220 	 883 
01022001 	 20 
01022002 	 180 
01022003 	 19 
01022010 	 98 
01022013 	 6 
01022020 	 37 
01022023 	 7 
01022030 	 13 
01022031 	 5 
01022032 	 6 
010221 	 20 
01022101 	 1 
01022112 	 2 
01022121 	 2 
01022130 	 1 
01022132 	 1 
010223 	 266 
01022301 	 2 
01022302 	 2 
01022303 	 8 
01022304 	 15 
01022310 	 5 
01022314 	 2 
01022320 	 5 
01022323 	 14 
01022324 	 6 
01022332 	 35 
01022334 	 4 
01022341 	 3 
01022342 	 3 
01022343 	 7 
010230 	 219 
01023001 	 2 
01023002 	 8 
01023003 	 12 
01023004 	 16 
01023010 	 15 
01023014 	 1 
01023020 	 12 
01023024 	 3 
01023030 	 9 
01023034 	 5 
01023040 	 24 
01023041 	 5 
01023042 	 2 
01023043 	 2 
010231 	 256 
01023101 	 7 
01023102 	 2 
01023104 	 18 
01023110 	 5 
01023112 	 2 
01023113 	 16 
01023120 	 6 
01023124 	 1 
01023131 	 17 
01023134 	 2 
01023140 	 1 
01023141 	 7 
01023142 	 4 
01023143 	 1 
010232 	 918 
01023201 	 33 
01023202 	 23 
01023204 	 71 
01023210 	 19 
01023212 	 1 
01023214 	 9 
01023220 	 9 
01023221 	 2 
01023223 	 43 
01023224 	 10 
01023230 	 2 
01023232 	 22 
01023234 	 36 
01023240 	 8 
01023241 	 1 
01023242 	 52 
01023243 	 8 
0110 	 97949 
011001 	 30165 
01100101 	 1167 
01100102 	 282 
01100110 	 9091 
01100112 	 234 
01100120 	 177 
01100121 	 449 
011002 	 1392 
01100201 	 91 
01100202 	 57 
01100203 	 44 
01100210 	 12 
01100212 	 7 
01100213 	 12 
01100220 	 256 
01100221 	 1 
01100223 	 15 
01100230 	 15 
01100231 	 6 
01100232 	 46 
011010 	 4551 
01101001 	 1012 
01101002 	 28 
01101010 	 326 
01101012 	 39 
01101020 	 75 
01101021 	 26 
011012 	 1049 
01101201 	 58 
01101202 	 9 
01101203 	 12 
01101210 	 24 
01101212 	 37 
01101213 	 29 
01101220 	 2 
01101221 	 83 
01101223 	 8 
01101230 	 5 
01101231 	 9 
01101232 	 40 
011020 	 2152 
01102001 	 224 
01102002 	 160 
01102003 	 37 
01102010 	 65 
01102012 	 1 
01102013 	 17 
01102020 	 70 
01102023 	 27 
01102030 	 105 
01102031 	 10 
01102032 	 20 
011021 	 942 
01102101 	 159 
01102103 	 7 
01102110 	 18 
01102112 	 75 
01102113 	 18 
01102121 	 36 
01102123 	 9 
01102130 	 7 
01102131 	 53 
01102132 	 7 
0112 	 13516 
011201 	 202 
01120101 	 28 
01120103 	 2 
01120110 	 14 
01120112 	 11 
01120121 	 23 
01120123 	 1 
01120130 	 1 
01120131 	 6 
01120132 	 5 
011202 	 103 
01120201 	 1 
01120202 	 5 
01120210 	 6 
01120212 	 1 
01120220 	 1 
01120221 	 9 
01120223 	 1 
01120231 	 1 
01120232 	 4 
011203 	 179 
01120301 	 3 
01120303 	 4 
01120304 	 12 
01120310 	 1 
01120312 	 1 
01120313 	 2 
01120314 	 4 
01120321 	 9 
01120324 	 3 
01120330 	 6 
01120334 	 3 
01120340 	 3 
01120341 	 1 
01120342 	 1 
01120343 	 2 
011210 	 707 
01121001 	 83 
01121002 	 2 
01121003 	 7 
01121010 	 19 
01121012 	 14 
01121013 	 11 
01121020 	 4 
01121021 	 58 
01121023 	 3 
01121030 	 12 
01121031 	 3 
01121032 	 7 
011212 	 816 
01121201 	 12 
01121202 	 5 
01121203 	 8 
01121210 	 22 
01121212 	 138 
01121213 	 9 
01121221 	 59 
01121223 	 8 
01121230 	 1 
01121231 	 20 
01121232 	 38 
011213 	 361 
01121301 	 2 
01121302 	 1 
01121303 	 1 
01121304 	 5 
01121310 	 11 
01121312 	 11 
01121313 	 9 
01121314 	 25 
01121321 	 20 
01121323 	 1 
01121324 	 1 
01121331 	 20 
01121332 	 1 
01121334 	 4 
01121340 	 2 
01121341 	 6 
01121342 	 3 
01121343 	 11 
011220 	 5 
01122010 	 1 
01122012 	 1 
011221 	 2473 
01122101 	 28 
01122103 	 12 
01122110 	 75 
01122112 	 525 
01122113 	 51 
01122121 	 78 
01122123 	 22 
01122130 	 5 
01122131 	 56 
01122132 	 19 
011223 	 196 
01122302 	 1 
01122304 	 1 
01122310 	 3 
01122312 	 3 
01122313 	 1 
01122314 	 1 
01122321 	 17 
01122323 	 10 
01122324 	 5 
01122332 	 28 
01122334 	 3 
01122342 	 2 
01122343 	 6 
011230 	 54 
01123003 	 3 
01123010 	 5 
01123012 	 1 
01123014 	 2 
01123021 	 1 
01123030 	 1 
01123034 	 1 
01123040 	 2 
01123041 	 1 
011231 	 242 
01123101 	 10 
01123110 	 10 
01123112 	 8 
01123113 	 11 
01123114 	 3 
01123121 	 31 
01123124 	 1 
01123131 	 10 
01123134 	 1 
01123140 	 1 
01123141 	 33 
01123142 	 1 
01123143 	 1 
011232 	 487 
01123201 	 3 
01123204 	 7 
01123210 	 8 
01123212 	 23 
01123213 	 1 
01123214 	 5 
01123221 	 34 
01123223 	 27 
01123224 	 3 
01123232 	 22 
01123234 	 3 
01123240 	 3 
01123241 	 3 
01123242 	 41 
01123243 	 1 
0120 	 7441 
012001 	 304 
01200101 	 50 
01200102 	 18 
01200103 	 4 
01200110 	 13 
01200120 	 4 
01200121 	 2 
01200123 	 2 
01200130 	 4 
01200131 	 7 
01200132 	 2 
012002 	 635 
01200201 	 19 
01200202 	 23 
01200203 	 13 
01200210 	 19 
01200212 	 1 
01200213 	 3 
01200220 	 159 
01200223 	 10 
01200230 	 7 
01200231 	 5 
01200232 	 10 
012003 	 187 
01200301 	 5 
01200302 	 4 
01200303 	 11 
01200304 	 8 
01200310 	 5 
01200320 	 2 
01200324 	 1 
01200330 	 21 
01200334 	 4 
01200340 	 3 
01200341 	 1 
01200343 	 5 
012010 	 1296 
01201001 	 215 
01201002 	 57 
01201003 	 36 
01201010 	 26 
01201012 	 1 
01201013 	 8 
01201020 	 24 
01201023 	 8 
01201030 	 48 
01201031 	 3 
01201032 	 12 
012012 	 3 
01201202 	 1 
012013 	 41 
01201302 	 2 
01201310 	 1 
01201313 	 2 
01201314 	 1 
01201324 	 1 
01201331 	 2 
01201341 	 1 
01201343 	 2 
012020 	 362 
01202001 	 10 
01202002 	 28 
01202003 	 11 
01202010 	 30 
01202020 	 55 
01202023 	 4 
01202030 	 14 
01202031 	 2 
01202032 	 3 
012021 	 7 
01202102 	 1 
01202132 	 1 
012023 	 101 
01202301 	 4 
01202302 	 3 
01202303 	 1 
01202304 	 1 
01202310 	 3 
01202314 	 1 
01202320 	 3 
01202323 	 1 
01202324 	 14 
01202332 	 5 
01202340 	 1 
01202342 	 1 
01202343 	 5 
012030 	 483 
01203001 	 3 
01203002 	 12 
01203003 	 26 
01203004 	 14 
01203010 	 45 
01203014 	 2 
01203020 	 16 
01203024 	 8 
01203030 	 26 
01203034 	 3 
01203040 	 72 
01203041 	 3 
01203043 	 2 
012031 	 86 
01203101 	 3 
01203102 	 5 
01203110 	 3 
01203113 	 5 
01203114 	 6 
01203120 	 2 
01203121 	 1 
01203124 	 2 
01203131 	 1 
01203134 	 2 
01203140 	 3 
01203141 	 1 
01203142 	 1 
012032 	 41 
01203202 	 10 
01203210 	 2 
01203221 	 2 
01203224 	 2 
01203234 	 1 
01203242 	 2 
0121 	 48868 
012101 	 2312 
01210101 	 241 
01210102 	 5 
01210103 	 43 
01210110 	 113 
01210112 	 49 
01210113 	 29 
01210120 	 1 
01210121 	 118 
01210123 	 35 
01210130 	 17 
01210131 	 202 
01210132 	 14 
012102 	 39 
01210201 	 3 
01210202 	 2 
01210203 	 1 
01210210 	 2 
01210212 	 7 
01210221 	 1 
01210232 	 1 
012103 	 811 
01210301 	 26 
01210302 	 1 
01210303 	 36 
01210304 	 56 
01210310 	 10 
01210312 	 17 
01210313 	 2 
01210314 	 2 
01210320 	 1 
01210321 	 9 
01210323 	 15 
01210324 	 29 
01210330 	 21 
01210334 	 5 
01210340 	 11 
01210341 	 12 
01210342 	 4 
01210343 	 20 
012110 	 2319 
01211001 	 472 
01211003 	 41 
01211010 	 72 
01211012 	 103 
01211013 	 31 
01211020 	 11 
01211021 	 18 
01211023 	 27 
01211030 	 53 
01211031 	 28 
01211032 	 7 
012112 	 2982 
01211201 	 36 
01211202 	 12 
01211203 	 32 
01211210 	 109 
01211212 	 90 
01211213 	 37 
01211220 	 4 
01211221 	 665 
01211223 	 35 
01211230 	 15 
01211231 	 51 
01211232 	 61 
012113 	 961 
01211301 	 8 
01211303 	 1 
01211304 	 10 
01211310 	 11 
01211312 	 21 
01211313 	 41 
01211314 	 21 
01211321 	 11 
01211323 	 5 
01211324 	 8 
01211331 	 136 
01211334 	 9 
01211340 	 4 
01211341 	 35 
01211342 	 6 
01211343 	 21 
012120 	 29 
01212002 	 3 
01212010 	 4 
01212012 	 1 
01212020 	 2 
01212023 	 1 
01212031 	 1 
012121 	 2785 
01212101 	 165 
01212102 	 2 
01212103 	 30 
01212110 	 57 
01212112 	 163 
01212113 	 30 
01212120 	 1 
01212121 	 304 
01212123 	 40 
01212130 	 9 
01212131 	 265 
01212132 	 23 
012123 	 825 
01212301 	 22 
01212303 	 9 
01212304 	 25 
01212310 	 19 
01212312 	 20 
01212313 	 2 
01212314 	 9 
01212320 	 2 
01212321 	 28 
01212323 	 49 
01212324 	 78 
01212332 	 31 
01212334 	 13 
01212340 	 5 
01212341 	 12 
01212342 	 9 
01212343 	 41 
012130 	 256 
01213001 	 2 
01213003 	 17 
01213004 	 7 
01213010 	 16 
01213012 	 4 
01213014 	 2 
01213021 	 1 
01213024 	 3 
01213030 	 13 
01213034 	 5 
01213040 	 7 
01213041 	 7 
01213042 	 1 
01213043 	 1 
012131 	 6155 
01213101 	 215 
01213103 	 7 
01213104 	 48 
01213110 	 123 
01213112 	 151 
01213113 	 166 
01213114 	 99 
01213120 	 1 
01213121 	 217 
01213123 	 3 
01213124 	 42 
01213130 	 1 
01213131 	 279 
01213132 	 1 
01213134 	 50 
01213140 	 15 
01213141 	 1110 
01213142 	 26 
01213143 	 27 
012132 	 288 
01213201 	 2 
01213204 	 3 
01213212 	 44 
01213214 	 1 
01213221 	 10 
01213223 	 19 
01213224 	 8 
01213232 	 12 
01213234 	 5 
01213240 	 1 
01213241 	 1 
01213242 	 18 
