Read data time:  1.507745
Count motifs time:  102.026044
End-to-end Time:  103.533789
0101 	 154988 
010101 	 34016 
01010101 	 7475 
01010102 	 2571 
01010110 	 1022 
01010112 	 700 
01010120 	 1006 
01010121 	 1997 
010102 	 17396 
01010201 	 1347 
01010202 	 1699 
01010203 	 2356 
01010210 	 276 
01010212 	 17 
01010213 	 162 
01010220 	 293 
01010221 	 14 
01010223 	 236 
01010230 	 514 
01010231 	 544 
01010232 	 901 
010110 	 5960 
01011001 	 635 
01011002 	 313 
01011010 	 940 
01011012 	 95 
01011020 	 173 
01011021 	 327 
010112 	 4479 
01011201 	 370 
01011202 	 9 
01011203 	 105 
01011210 	 72 
01011212 	 451 
01011213 	 390 
01011220 	 3 
01011221 	 110 
01011223 	 88 
01011230 	 85 
01011231 	 183 
01011232 	 253 
010120 	 6443 
01012001 	 448 
01012002 	 140 
01012003 	 300 
01012010 	 158 
01012012 	 11 
01012013 	 99 
01012020 	 637 
01012021 	 126 
01012023 	 323 
01012030 	 263 
01012031 	 244 
01012032 	 170 
010121 	 12967 
01012101 	 1226 
01012102 	 77 
01012103 	 566 
01012110 	 223 
01012112 	 317 
01012113 	 210 
01012120 	 90 
01012121 	 1136 
01012123 	 816 
01012130 	 281 
01012131 	 1153 
01012132 	 309 
0102 	 157032 
010201 	 9508 
01020101 	 1066 
01020102 	 666 
01020103 	 1093 
01020110 	 181 
01020112 	 13 
01020113 	 116 
01020120 	 93 
01020121 	 12 
01020123 	 77 
01020130 	 229 
01020131 	 494 
01020132 	 235 
010202 	 15197 
01020201 	 724 
01020202 	 1962 
01020203 	 1886 
01020210 	 123 
01020212 	 15 
01020213 	 93 
01020220 	 412 
01020221 	 13 
01020223 	 239 
01020230 	 453 
01020231 	 353 
01020232 	 738 
010203 	 29490 
01020301 	 847 
01020302 	 991 
01020303 	 1759 
01020304 	 5399 
01020310 	 215 
01020312 	 12 
01020313 	 13 
01020314 	 178 
01020320 	 305 
01020321 	 9 
01020323 	 21 
01020324 	 241 
01020330 	 436 
01020331 	 7 
01020332 	 22 
01020334 	 272 
01020340 	 841 
01020341 	 570 
01020342 	 684 
01020343 	 1196 
010210 	 2522 
01021001 	 87 
01021002 	 123 
01021003 	 235 
01021010 	 246 
01021012 	 12 
01021013 	 43 
01021020 	 68 
01021023 	 27 
01021030 	 101 
01021031 	 115 
01021032 	 82 
010212 	 258 
01021201 	 8 
01021202 	 9 
01021203 	 11 
01021210 	 1 
01021212 	 11 
01021213 	 14 
01021221 	 2 
01021223 	 3 
01021231 	 11 
01021232 	 7 
010213 	 2032 
01021301 	 80 
01021302 	 59 
01021303 	 6 
01021304 	 77 
01021310 	 32 
01021312 	 5 
01021313 	 166 
01021314 	 136 
01021320 	 14 
01021321 	 4 
01021324 	 20 
01021331 	 36 
01021332 	 1 
01021334 	 29 
01021340 	 36 
01021341 	 83 
01021342 	 51 
01021343 	 114 
010220 	 3547 
01022001 	 108 
01022002 	 169 
01022003 	 248 
01022010 	 61 
01022013 	 22 
01022020 	 473 
01022021 	 6 
01022023 	 83 
01022030 	 154 
01022031 	 114 
01022032 	 208 
010221 	 278 
01022101 	 9 
01022102 	 18 
01022103 	 5 
01022110 	 1 
01022112 	 4 
01022113 	 5 
01022120 	 6 
01022121 	 18 
01022123 	 11 
01022130 	 2 
01022131 	 8 
01022132 	 12 
010223 	 2690 
01022301 	 49 
01022302 	 149 
01022303 	 17 
01022304 	 153 
01022310 	 12 
01022312 	 4 
01022313 	 2 
01022314 	 26 
01022320 	 103 
01022321 	 3 
01022323 	 276 
01022324 	 175 
01022330 	 3 
01022332 	 60 
01022334 	 68 
01022340 	 55 
01022341 	 39 
01022342 	 168 
01022343 	 166 
010230 	 5999 
01023001 	 145 
01023002 	 195 
01023003 	 96 
01023004 	 436 
01023010 	 63 
01023012 	 2 
01023013 	 2 
01023014 	 47 
01023020 	 99 
01023021 	 5 
01023023 	 9 
01023024 	 54 
01023030 	 433 
01023031 	 34 
01023032 	 64 
01023034 	 422 
01023040 	 307 
01023041 	 133 
01023042 	 209 
01023043 	 149 
010231 	 6463 
01023101 	 238 
01023102 	 236 
01023103 	 26 
01023104 	 467 
01023110 	 61 
01023112 	 2 
01023113 	 125 
01023114 	 61 
01023120 	 71 
01023121 	 5 
01023123 	 2 
01023124 	 71 
01023130 	 32 
01023131 	 402 
01023132 	 35 
01023134 	 478 
01023140 	 124 
01023141 	 440 
01023142 	 203 
01023143 	 156 
010232 	 9755 
01023201 	 226 
01023202 	 515 
01023203 	 59 
01023204 	 718 
01023210 	 89 
01023212 	 15 
01023213 	 1 
01023214 	 78 
01023220 	 155 
01023221 	 3 
01023223 	 205 
01023224 	 130 
01023230 	 65 
01023231 	 30 
01023232 	 779 
01023234 	 712 
01023240 	 219 
01023241 	 255 
01023242 	 766 
01023243 	 270 
0110 	 40969 
011001 	 3223 
01100101 	 399 
01100102 	 189 
01100110 	 382 
01100112 	 32 
01100120 	 106 
01100121 	 188 
011002 	 2727 
01100201 	 105 
01100202 	 224 
01100203 	 295 
01100210 	 235 
01100213 	 19 
01100220 	 114 
01100223 	 40 
01100230 	 108 
01100231 	 84 
01100232 	 221 
011010 	 6810 
01101001 	 328 
01101002 	 287 
01101010 	 1225 
01101012 	 160 
01101020 	 213 
01101021 	 385 
011012 	 1359 
01101201 	 27 
01101203 	 30 
01101210 	 54 
01101212 	 76 
01101213 	 92 
01101220 	 6 
01101221 	 30 
01101223 	 29 
01101230 	 20 
01101231 	 56 
01101232 	 73 
011020 	 2297 
01102001 	 58 
01102002 	 20 
01102003 	 78 
01102010 	 240 
01102012 	 5 
01102013 	 27 
01102020 	 128 
01102021 	 60 
01102023 	 179 
01102030 	 89 
01102031 	 127 
01102032 	 53 
011021 	 3650 
01102101 	 82 
01102102 	 27 
01102103 	 103 
01102110 	 190 
01102112 	 309 
01102113 	 36 
01102120 	 65 
01102121 	 302 
01102123 	 290 
01102130 	 108 
01102131 	 323 
01102132 	 107 
0112 	 37019 
011201 	 2576 
01120101 	 308 
01120102 	 19 
01120103 	 100 
01120110 	 45 
01120112 	 131 
01120113 	 103 
01120121 	 36 
01120123 	 41 
01120130 	 47 
01120131 	 128 
01120132 	 53 
011202 	 219 
01120201 	 15 
01120202 	 12 
01120203 	 12 
01120212 	 23 
01120220 	 1 
01120221 	 4 
01120223 	 5 
01120230 	 5 
01120231 	 8 
01120232 	 6 
011203 	 1183 
01120301 	 29 
01120302 	 2 
01120303 	 55 
01120304 	 89 
01120310 	 19 
01120312 	 36 
01120313 	 4 
01120314 	 43 
01120321 	 18 
01120324 	 26 
01120330 	 10 
01120331 	 4 
01120334 	 21 
01120340 	 25 
01120341 	 27 
01120342 	 28 
01120343 	 58 
011210 	 1188 
01121001 	 33 
01121002 	 3 
01121003 	 32 
01121010 	 80 
01121012 	 62 
01121013 	 49 
01121021 	 3 
01121023 	 32 
01121030 	 26 
01121031 	 40 
01121032 	 23 
011212 	 4173 
01121201 	 161 
01121202 	 6 
01121203 	 55 
01121210 	 41 
01121212 	 692 
01121213 	 311 
01121221 	 127 
01121223 	 87 
01121230 	 50 
01121231 	 141 
01121232 	 245 
011213 	 3834 
01121301 	 109 
01121302 	 2 
01121303 	 1 
01121304 	 47 
01121310 	 29 
01121312 	 146 
01121313 	 265 
01121314 	 519 
01121321 	 42 
01121323 	 3 
01121324 	 48 
01121331 	 83 
01121332 	 2 
01121334 	 49 
01121340 	 42 
01121341 	 168 
01121342 	 120 
01121343 	 228 
011220 	 32 
01122012 	 2 
011221 	 1232 
01122101 	 56 
01122102 	 1 
01122103 	 18 
01122110 	 5 
01122112 	 76 
01122113 	 75 
01122121 	 132 
01122123 	 31 
01122130 	 16 
01122131 	 71 
01122132 	 58 
011223 	 969 
01122301 	 21 
01122304 	 10 
01122310 	 7 
01122312 	 62 
01122313 	 5 
01122314 	 38 
01122320 	 1 
01122321 	 24 
01122323 	 94 
01122324 	 69 
01122332 	 16 
01122334 	 32 
01122340 	 4 
01122341 	 40 
01122342 	 35 
01122343 	 48 
011230 	 825 
01123001 	 25 
01123002 	 1 
01123003 	 14 
01123004 	 19 
01123010 	 21 
01123012 	 25 
01123013 	 3 
01123014 	 29 
01123021 	 9 
01123024 	 3 
01123030 	 50 
01123031 	 3 
01123034 	 54 
01123040 	 33 
01123041 	 31 
01123042 	 20 
01123043 	 13 
011231 	 2263 
01123101 	 76 
01123102 	 10 
01123103 	 8 
01123104 	 33 
01123110 	 14 
01123112 	 72 
01123113 	 38 
01123114 	 121 
01123121 	 39 
01123123 	 2 
01123124 	 23 
01123130 	 5 
01123131 	 160 
01123132 	 22 
01123134 	 126 
01123140 	 22 
01123141 	 178 
01123142 	 59 
01123143 	 63 
011232 	 2572 
01123201 	 57 
01123202 	 2 
01123203 	 3 
01123204 	 29 
01123210 	 17 
01123212 	 129 
01123213 	 15 
01123214 	 112 
01123220 	 2 
01123221 	 46 
01123223 	 55 
01123224 	 51 
01123230 	 6 
01123231 	 26 
01123232 	 167 
01123234 	 154 
01123240 	 27 
01123241 	 83 
01123242 	 230 
01123243 	 78 
0120 	 58070 
012001 	 2998 
01200101 	 335 
01200102 	 41 
01200103 	 200 
01200110 	 63 
01200112 	 5 
01200113 	 44 
01200120 	 188 
01200121 	 29 
01200123 	 72 
01200130 	 96 
01200131 	 150 
01200132 	 56 
012002 	 1790 
01200201 	 57 
01200202 	 173 
01200203 	 67 
01200210 	 15 
01200212 	 5 
01200213 	 28 
01200220 	 102 
01200221 	 2 
01200223 	 69 
01200230 	 120 
01200231 	 40 
01200232 	 63 
012003 	 3476 
01200301 	 89 
01200302 	 35 
01200303 	 217 
01200304 	 392 
01200310 	 24 
01200313 	 1 
01200314 	 33 
01200320 	 169 
01200321 	 8 
01200323 	 1 
01200324 	 79 
01200330 	 83 
01200331 	 1 
01200332 	 3 
01200334 	 47 
01200340 	 176 
01200341 	 83 
01200342 	 47 
01200343 	 198 
012010 	 1594 
01201001 	 67 
01201002 	 9 
01201003 	 41 
01201010 	 160 
01201012 	 5 
01201013 	 29 
01201020 	 127 
01201021 	 34 
01201023 	 68 
01201030 	 53 
01201031 	 84 
01201032 	 37 
012012 	 95 
01201201 	 1 
01201210 	 2 
01201212 	 9 
01201213 	 1 
01201220 	 3 
01201223 	 2 
01201230 	 5 
01201231 	 1 
01201232 	 2 
012013 	 927 
01201301 	 32 
01201302 	 16 
01201304 	 9 
01201310 	 10 
01201313 	 75 
01201314 	 81 
01201320 	 25 
01201321 	 2 
01201323 	 1 
01201324 	 25 
01201331 	 20 
01201334 	 12 
01201340 	 22 
01201341 	 41 
01201342 	 11 
01201343 	 49 
012020 	 6741 
01202001 	 216 
01202002 	 162 
01202003 	 233 
01202010 	 93 
01202012 	 3 
01202013 	 60 
01202020 	 1196 
01202021 	 58 
01202023 	 427 
01202030 	 439 
01202031 	 139 
01202032 	 187 
012021 	 1115 
01202101 	 42 
01202102 	 20 
01202103 	 27 
01202110 	 41 
01202112 	 8 
01202113 	 16 
01202120 	 98 
01202121 	 91 
01202123 	 94 
01202130 	 32 
01202131 	 47 
01202132 	 24 
012023 	 4940 
01202301 	 87 
01202302 	 62 
01202303 	 6 
01202304 	 133 
01202310 	 60 
01202312 	 1 
01202314 	 43 
01202320 	 280 
01202321 	 12 
01202323 	 485 
01202324 	 681 
01202330 	 3 
01202332 	 106 
01202334 	 86 
01202340 	 175 
01202341 	 92 
01202342 	 123 
01202343 	 323 
012030 	 3927 
01203001 	 82 
01203002 	 64 
01203003 	 92 
01203004 	 127 
01203010 	 40 
01203012 	 1 
01203014 	 36 
01203020 	 195 
01203021 	 15 
01203023 	 23 
01203024 	 132 
01203030 	 285 
01203031 	 28 
01203032 	 21 
01203034 	 270 
01203040 	 367 
01203041 	 100 
01203042 	 73 
01203043 	 103 
012031 	 2737 
01203101 	 91 
01203102 	 25 
01203103 	 15 
01203104 	 89 
01203110 	 47 
01203112 	 5 
01203113 	 47 
01203114 	 20 
01203120 	 88 
01203121 	 22 
01203123 	 7 
01203124 	 86 
01203130 	 51 
01203131 	 137 
01203132 	 3 
01203134 	 161 
01203140 	 86 
01203141 	 211 
01203142 	 40 
01203143 	 66 
012032 	 1964 
01203201 	 25 
01203202 	 38 
01203203 	 2 
01203204 	 32 
01203210 	 25 
01203212 	 1 
01203213 	 1 
01203214 	 19 
01203220 	 102 
01203221 	 5 
01203223 	 53 
01203224 	 88 
01203230 	 8 
01203231 	 10 
01203232 	 201 
01203234 	 111 
01203240 	 60 
01203241 	 32 
01203242 	 78 
01203243 	 50 
0121 	 113113 
012101 	 8115 
01210101 	 846 
01210102 	 65 
01210103 	 499 
01210110 	 193 
01210112 	 130 
01210113 	 107 
01210120 	 34 
01210121 	 596 
01210123 	 327 
01210130 	 221 
01210131 	 609 
01210132 	 139 
012102 	 803 
01210201 	 53 
01210202 	 69 
01210203 	 47 
01210210 	 14 
01210212 	 46 
01210213 	 4 
01210220 	 7 
01210221 	 28 
01210223 	 35 
01210230 	 15 
01210231 	 58 
01210232 	 25 
012103 	 6150 
01210301 	 242 
01210302 	 26 
01210303 	 380 
01210304 	 617 
01210310 	 74 
01210312 	 90 
01210314 	 60 
01210320 	 12 
01210321 	 223 
01210323 	 27 
01210324 	 262 
01210330 	 128 
01210331 	 1 
01210332 	 2 
01210334 	 97 
01210340 	 128 
01210341 	 289 
01210342 	 89 
01210343 	 389 
012110 	 2541 
01211001 	 68 
01211002 	 9 
01211003 	 81 
01211010 	 197 
01211012 	 306 
01211013 	 31 
01211020 	 46 
01211021 	 168 
01211023 	 110 
01211030 	 73 
01211031 	 189 
01211032 	 47 
012112 	 3534 
01211201 	 185 
01211202 	 39 
01211203 	 120 
01211210 	 206 
01211212 	 421 
01211213 	 44 
01211220 	 6 
01211221 	 165 
01211223 	 153 
01211230 	 37 
01211231 	 300 
01211232 	 130 
012113 	 2191 
01211301 	 55 
01211302 	 4 
01211303 	 1 
01211304 	 21 
01211310 	 24 
01211312 	 24 
01211313 	 152 
01211314 	 213 
01211320 	 3 
01211321 	 71 
01211323 	 4 
01211324 	 62 
01211330 	 1 
01211331 	 50 
01211332 	 3 
01211334 	 44 
01211340 	 33 
01211341 	 134 
01211342 	 30 
01211343 	 122 
012120 	 1101 
01212001 	 53 
01212002 	 28 
01212003 	 43 
01212010 	 52 
01212012 	 37 
01212013 	 6 
01212020 	 82 
01212021 	 44 
01212023 	 95 
01212030 	 27 
01212031 	 55 
01212032 	 25 
012121 	 11196 
01212101 	 585 
01212102 	 39 
01212103 	 287 
01212110 	 125 
01212112 	 422 
01212113 	 216 
01212120 	 41 
01212121 	 1634 
01212123 	 841 
01212130 	 146 
01212131 	 1016 
01212132 	 338 
012123 	 10318 
01212301 	 280 
01212302 	 18 
01212303 	 15 
01212304 	 263 
01212310 	 112 
01212312 	 153 
01212313 	 6 
01212314 	 77 
01212320 	 6 
01212321 	 457 
01212323 	 940 
01212324 	 1387 
01212330 	 2 
01212331 	 8 
01212332 	 217 
01212334 	 149 
01212340 	 136 
01212341 	 573 
01212342 	 344 
01212343 	 636 
012130 	 3211 
01213001 	 80 
01213002 	 12 
01213003 	 46 
01213004 	 99 
01213010 	 54 
01213012 	 46 
01213013 	 1 
01213014 	 31 
01213020 	 11 
01213021 	 87 
01213024 	 111 
01213030 	 197 
01213031 	 51 
01213032 	 31 
01213034 	 176 
01213040 	 139 
01213041 	 217 
01213042 	 69 
01213043 	 87 
012131 	 13874 
01213101 	 442 
01213102 	 40 
01213103 	 25 
01213104 	 337 
01213110 	 159 
01213112 	 242 
01213113 	 320 
01213114 	 162 
01213120 	 25 
01213121 	 588 
01213123 	 76 
01213124 	 564 
01213130 	 47 
01213131 	 879 
01213132 	 92 
01213134 	 929 
01213140 	 191 
01213141 	 1701 
01213142 	 308 
01213143 	 390 
012132 	 4278 
01213201 	 112 
01213202 	 31 
01213203 	 4 
01213204 	 97 
01213210 	 31 
01213212 	 102 
01213213 	 4 
01213214 	 52 
01213220 	 3 
01213221 	 173 
01213223 	 72 
01213224 	 249 
01213230 	 10 
01213231 	 59 
01213232 	 437 
01213234 	 265 
01213240 	 50 
01213241 	 269 
01213242 	 189 
01213243 	 139 
