Read data time:  1.780324
Count motifs time:  88.776195
End-to-end Time:  90.556520
0101 	 75335 
010101 	 15440 
01010101 	 4683 
01010102 	 1817 
01010110 	 530 
01010112 	 895 
01010120 	 667 
01010121 	 1510 
010102 	 12135 
01010201 	 744 
01010202 	 987 
01010203 	 3792 
01010210 	 216 
01010212 	 27 
01010213 	 184 
01010220 	 317 
01010221 	 30 
01010223 	 296 
01010230 	 513 
01010231 	 823 
01010232 	 1684 
010110 	 2359 
01011001 	 178 
01011002 	 313 
01011010 	 579 
01011012 	 103 
01011020 	 165 
01011021 	 253 
010112 	 3905 
01011201 	 479 
01011202 	 21 
01011203 	 137 
01011210 	 54 
01011212 	 249 
01011213 	 855 
01011221 	 229 
01011223 	 108 
01011230 	 135 
01011231 	 315 
01011232 	 615 
010120 	 3874 
01012001 	 304 
01012002 	 287 
01012003 	 288 
01012010 	 128 
01012012 	 26 
01012013 	 125 
01012020 	 340 
01012021 	 112 
01012023 	 574 
01012030 	 446 
01012031 	 312 
01012032 	 157 
010121 	 9620 
01012101 	 1178 
01012102 	 115 
01012103 	 860 
01012110 	 176 
01012112 	 397 
01012113 	 314 
01012120 	 135 
01012121 	 703 
01012123 	 1599 
01012130 	 329 
01012131 	 1423 
01012132 	 393 
0102 	 223032 
010201 	 5916 
01020101 	 906 
01020102 	 326 
01020103 	 1469 
01020110 	 99 
01020112 	 21 
01020113 	 191 
01020120 	 103 
01020121 	 36 
01020123 	 129 
01020130 	 238 
01020131 	 583 
01020132 	 522 
010202 	 12072 
01020201 	 395 
01020202 	 1903 
01020203 	 3403 
01020210 	 160 
01020212 	 36 
01020213 	 155 
01020220 	 357 
01020221 	 26 
01020223 	 287 
01020230 	 476 
01020231 	 685 
01020232 	 1518 
010203 	 72124 
01020301 	 1092 
01020302 	 1528 
01020303 	 3572 
01020304 	 28306 
01020310 	 764 
01020312 	 74 
01020313 	 29 
01020314 	 709 
01020320 	 1005 
01020321 	 62 
01020323 	 98 
01020324 	 842 
01020330 	 1616 
01020331 	 21 
01020332 	 86 
01020334 	 1149 
01020340 	 3133 
01020341 	 3017 
01020342 	 4108 
01020343 	 7398 
010210 	 4346 
01021001 	 63 
01021002 	 113 
01021003 	 820 
01021010 	 629 
01021012 	 36 
01021013 	 187 
01021020 	 148 
01021021 	 7 
01021023 	 85 
01021030 	 356 
01021031 	 413 
01021032 	 392 
010212 	 566 
01021201 	 43 
01021202 	 54 
01021203 	 67 
01021210 	 36 
01021212 	 46 
01021213 	 57 
01021220 	 4 
01021221 	 12 
01021223 	 29 
01021230 	 22 
01021231 	 46 
01021232 	 45 
010213 	 3865 
01021301 	 180 
01021302 	 85 
01021303 	 37 
01021304 	 421 
01021310 	 166 
01021312 	 24 
01021313 	 191 
01021314 	 614 
01021320 	 43 
01021321 	 17 
01021323 	 2 
01021324 	 80 
01021330 	 1 
01021331 	 133 
01021332 	 8 
01021334 	 122 
01021340 	 117 
01021341 	 296 
01021342 	 215 
01021343 	 532 
010220 	 6395 
01022001 	 82 
01022002 	 99 
01022003 	 1076 
01022010 	 178 
01022012 	 10 
01022013 	 67 
01022020 	 1166 
01022021 	 17 
01022023 	 271 
01022030 	 606 
01022031 	 419 
01022032 	 854 
010221 	 528 
01022101 	 59 
01022102 	 55 
01022103 	 72 
01022110 	 2 
01022112 	 8 
01022113 	 23 
01022120 	 17 
01022121 	 59 
01022123 	 55 
01022130 	 11 
01022131 	 31 
01022132 	 45 
010223 	 5188 
01022301 	 70 
01022302 	 257 
01022303 	 63 
01022304 	 620 
01022310 	 45 
01022312 	 24 
01022313 	 6 
01022314 	 70 
01022320 	 256 
01022321 	 27 
01022323 	 298 
01022324 	 789 
01022330 	 5 
01022331 	 3 
01022332 	 188 
01022334 	 213 
01022340 	 161 
01022341 	 229 
01022342 	 563 
01022343 	 618 
010230 	 11453 
01023001 	 113 
01023002 	 246 
01023003 	 281 
01023004 	 1895 
01023010 	 231 
01023012 	 14 
01023013 	 8 
01023014 	 123 
01023020 	 330 
01023021 	 11 
01023023 	 19 
01023024 	 191 
01023030 	 782 
01023031 	 114 
01023032 	 196 
01023034 	 1618 
01023040 	 1146 
01023041 	 567 
01023042 	 867 
01023043 	 440 
010231 	 15934 
01023101 	 588 
01023102 	 410 
01023103 	 101 
01023104 	 2529 
01023110 	 226 
01023112 	 30 
01023113 	 452 
01023114 	 258 
01023120 	 276 
01023121 	 26 
01023123 	 10 
01023124 	 256 
01023130 	 154 
01023131 	 685 
01023132 	 135 
01023134 	 2554 
01023140 	 582 
01023141 	 2020 
01023142 	 1280 
01023143 	 600 
010232 	 27112 
01023201 	 367 
01023202 	 1396 
01023203 	 303 
01023204 	 4226 
01023210 	 400 
01023212 	 40 
01023213 	 6 
01023214 	 285 
01023220 	 624 
01023221 	 31 
01023223 	 1003 
01023224 	 518 
01023230 	 279 
01023231 	 143 
01023232 	 1282 
01023234 	 4189 
01023240 	 946 
01023241 	 1411 
01023242 	 4688 
01023243 	 1159 
0110 	 40088 
011001 	 834 
01100101 	 162 
01100102 	 100 
01100110 	 149 
01100112 	 56 
01100120 	 60 
01100121 	 96 
011002 	 4951 
01100201 	 46 
01100202 	 228 
01100203 	 1144 
01100210 	 556 
01100212 	 7 
01100213 	 72 
01100220 	 284 
01100221 	 3 
01100223 	 99 
01100230 	 377 
01100231 	 381 
01100232 	 870 
011010 	 7438 
01101001 	 129 
01101002 	 815 
01101010 	 2050 
01101012 	 212 
01101020 	 590 
01101021 	 870 
011012 	 2124 
01101201 	 40 
01101202 	 10 
01101203 	 149 
01101210 	 183 
01101212 	 145 
01101213 	 256 
01101220 	 28 
01101221 	 53 
01101223 	 121 
01101230 	 104 
01101231 	 243 
01101232 	 252 
011020 	 3749 
01102001 	 34 
01102002 	 53 
01102003 	 310 
01102010 	 628 
01102012 	 13 
01102013 	 69 
01102020 	 190 
01102021 	 147 
01102023 	 600 
01102030 	 323 
01102031 	 389 
01102032 	 157 
011021 	 6226 
01102101 	 80 
01102102 	 73 
01102103 	 358 
01102110 	 453 
01102112 	 733 
01102113 	 114 
01102120 	 206 
01102121 	 291 
01102123 	 1006 
01102130 	 389 
01102131 	 1040 
01102132 	 270 
0112 	 41825 
011201 	 2784 
01120101 	 518 
01120102 	 29 
01120103 	 183 
01120110 	 61 
01120112 	 121 
01120113 	 418 
01120120 	 4 
01120121 	 90 
01120123 	 67 
01120130 	 130 
01120131 	 288 
01120132 	 266 
011202 	 378 
01120201 	 44 
01120202 	 23 
01120203 	 52 
01120210 	 19 
01120212 	 58 
01120213 	 23 
01120220 	 7 
01120221 	 7 
01120223 	 14 
01120230 	 10 
01120231 	 40 
01120232 	 35 
011203 	 2512 
01120301 	 124 
01120302 	 22 
01120303 	 137 
01120304 	 480 
01120310 	 70 
01120312 	 107 
01120313 	 20 
01120314 	 226 
01120320 	 6 
01120321 	 48 
01120323 	 13 
01120324 	 70 
01120330 	 69 
01120331 	 8 
01120332 	 3 
01120334 	 67 
01120340 	 97 
01120341 	 188 
01120342 	 165 
01120343 	 318 
011210 	 1888 
01121001 	 33 
01121002 	 19 
01121003 	 169 
01121010 	 196 
01121012 	 151 
01121013 	 166 
01121020 	 32 
01121021 	 20 
01121023 	 132 
01121030 	 109 
01121031 	 277 
01121032 	 123 
011212 	 2611 
01121201 	 120 
01121202 	 25 
01121203 	 145 
01121210 	 85 
01121212 	 445 
01121213 	 379 
01121220 	 7 
01121221 	 109 
01121223 	 126 
01121230 	 57 
01121231 	 258 
01121232 	 329 
011213 	 8212 
01121301 	 295 
01121302 	 10 
01121303 	 22 
01121304 	 232 
01121310 	 115 
01121312 	 191 
01121313 	 415 
01121314 	 2359 
01121320 	 3 
01121321 	 209 
01121323 	 20 
01121324 	 120 
01121330 	 2 
01121331 	 345 
01121332 	 16 
01121334 	 183 
01121340 	 174 
01121341 	 635 
01121342 	 575 
01121343 	 1147 
011220 	 60 
01122002 	 3 
01122003 	 3 
01122010 	 8 
01122012 	 6 
01122013 	 3 
01122020 	 9 
01122023 	 6 
01122030 	 3 
01122031 	 4 
01122032 	 5 
011221 	 1774 
01122101 	 97 
01122102 	 14 
01122103 	 43 
01122110 	 11 
01122112 	 36 
01122113 	 276 
01122120 	 2 
01122121 	 312 
01122123 	 78 
01122130 	 60 
01122131 	 215 
01122132 	 237 
011223 	 1659 
01122301 	 32 
01122302 	 12 
01122303 	 7 
01122304 	 91 
01122310 	 30 
01122312 	 111 
01122313 	 6 
01122314 	 106 
01122320 	 5 
01122321 	 93 
01122323 	 79 
01122324 	 265 
01122331 	 4 
01122332 	 66 
01122334 	 45 
01122340 	 32 
01122341 	 99 
01122342 	 181 
01122343 	 222 
011230 	 1517 
01123001 	 73 
01123002 	 8 
01123003 	 65 
01123004 	 76 
01123010 	 49 
01123012 	 42 
01123013 	 13 
01123014 	 177 
01123021 	 43 
01123023 	 1 
01123024 	 28 
01123030 	 62 
01123031 	 36 
01123032 	 11 
01123034 	 187 
01123040 	 149 
01123041 	 110 
01123042 	 122 
01123043 	 58 
011231 	 4638 
01123101 	 189 
01123102 	 25 
01123103 	 20 
01123104 	 188 
01123110 	 77 
01123112 	 117 
01123113 	 194 
01123114 	 518 
01123120 	 2 
01123121 	 162 
01123123 	 13 
01123124 	 117 
01123130 	 33 
01123131 	 277 
01123132 	 93 
01123134 	 621 
01123140 	 133 
01123141 	 663 
01123142 	 376 
01123143 	 186 
011232 	 6021 
01123201 	 210 
01123202 	 20 
01123203 	 6 
01123204 	 169 
01123210 	 67 
01123212 	 339 
01123213 	 69 
01123214 	 705 
01123220 	 7 
01123221 	 186 
01123223 	 205 
01123224 	 170 
01123230 	 14 
01123231 	 111 
01123232 	 249 
01123234 	 798 
01123240 	 150 
01123241 	 432 
01123242 	 1126 
01123243 	 258 
0120 	 66234 
012001 	 1846 
01200101 	 258 
01200102 	 155 
01200103 	 185 
01200110 	 66 
01200112 	 8 
01200113 	 93 
01200120 	 142 
01200121 	 39 
01200123 	 161 
01200130 	 177 
01200131 	 154 
01200132 	 46 
012002 	 2717 
01200201 	 142 
01200202 	 449 
01200203 	 168 
01200210 	 32 
01200212 	 31 
01200213 	 110 
01200220 	 58 
01200221 	 24 
01200223 	 304 
01200230 	 424 
01200231 	 137 
01200232 	 196 
012003 	 7072 
01200301 	 70 
01200302 	 104 
01200303 	 323 
01200304 	 1858 
01200310 	 177 
01200312 	 5 
01200313 	 9 
01200314 	 81 
01200320 	 422 
01200321 	 40 
01200323 	 21 
01200324 	 419 
01200330 	 310 
01200331 	 6 
01200332 	 3 
01200334 	 169 
01200340 	 619 
01200341 	 373 
01200342 	 223 
01200343 	 945 
012010 	 2328 
01201001 	 38 
01201002 	 15 
01201003 	 229 
01201010 	 315 
01201012 	 22 
01201013 	 98 
01201020 	 178 
01201021 	 57 
01201023 	 221 
01201030 	 251 
01201031 	 274 
01201032 	 89 
012012 	 225 
01201201 	 7 
01201202 	 20 
01201203 	 9 
01201210 	 25 
01201212 	 14 
01201213 	 19 
01201220 	 10 
01201221 	 9 
01201223 	 24 
01201230 	 17 
01201231 	 11 
01201232 	 23 
012013 	 1580 
01201301 	 69 
01201302 	 55 
01201303 	 9 
01201304 	 57 
01201310 	 59 
01201312 	 8 
01201313 	 78 
01201314 	 254 
01201320 	 44 
01201321 	 13 
01201323 	 6 
01201324 	 97 
01201330 	 2 
01201331 	 87 
01201332 	 2 
01201334 	 31 
01201340 	 125 
01201341 	 114 
01201342 	 37 
01201343 	 239 
012020 	 4686 
01202001 	 109 
01202002 	 119 
01202003 	 543 
01202010 	 136 
01202012 	 6 
01202013 	 88 
01202020 	 887 
01202021 	 74 
01202023 	 536 
01202030 	 498 
01202031 	 303 
01202032 	 200 
012021 	 1739 
01202101 	 100 
01202102 	 49 
01202103 	 112 
01202110 	 95 
01202112 	 25 
01202113 	 43 
01202120 	 128 
01202121 	 85 
01202123 	 367 
01202130 	 126 
01202131 	 184 
01202132 	 67 
012023 	 10909 
01202301 	 150 
01202302 	 221 
01202303 	 43 
01202304 	 597 
01202310 	 212 
01202312 	 13 
01202313 	 8 
01202314 	 142 
01202320 	 416 
01202321 	 52 
01202323 	 524 
01202324 	 2952 
01202330 	 21 
01202331 	 2 
01202332 	 309 
01202334 	 301 
01202340 	 713 
01202341 	 466 
01202342 	 461 
01202343 	 1401 
012030 	 7954 
01203001 	 126 
01203002 	 229 
01203003 	 280 
01203004 	 575 
01203010 	 155 
01203012 	 13 
01203013 	 9 
01203014 	 148 
01203020 	 365 
01203021 	 59 
01203023 	 74 
01203024 	 644 
01203030 	 419 
01203031 	 131 
01203032 	 68 
01203034 	 1086 
01203040 	 1233 
01203041 	 478 
01203042 	 271 
01203043 	 299 
012031 	 5614 
01203101 	 167 
01203102 	 93 
01203103 	 49 
01203104 	 409 
01203110 	 167 
01203112 	 17 
01203113 	 116 
01203114 	 90 
01203120 	 222 
01203121 	 85 
01203123 	 24 
01203124 	 401 
01203130 	 136 
01203131 	 198 
01203132 	 23 
01203134 	 854 
01203140 	 465 
01203141 	 782 
01203142 	 184 
01203143 	 215 
012032 	 3127 
01203201 	 36 
01203202 	 90 
01203203 	 8 
01203204 	 197 
01203210 	 54 
01203212 	 7 
01203213 	 4 
01203214 	 52 
01203220 	 114 
01203221 	 14 
01203223 	 132 
01203224 	 300 
01203230 	 63 
01203231 	 23 
01203232 	 220 
01203234 	 424 
01203240 	 222 
01203241 	 164 
01203242 	 353 
01203243 	 149 
0121 	 159770 
012101 	 8429 
01210101 	 1086 
01210102 	 126 
01210103 	 975 
01210110 	 195 
01210112 	 224 
01210113 	 278 
01210120 	 94 
01210121 	 1120 
01210123 	 873 
01210130 	 312 
01210131 	 1215 
01210132 	 248 
012102 	 1560 
01210201 	 127 
01210202 	 129 
01210203 	 214 
01210210 	 42 
01210212 	 121 
01210213 	 23 
01210220 	 48 
01210221 	 34 
01210223 	 151 
01210230 	 56 
01210231 	 225 
01210232 	 104 
012103 	 15743 
01210301 	 459 
01210302 	 122 
01210303 	 749 
01210304 	 3640 
01210310 	 292 
01210312 	 381 
01210313 	 14 
01210314 	 198 
01210320 	 60 
01210321 	 353 
01210323 	 143 
01210324 	 1486 
01210330 	 560 
01210331 	 13 
01210332 	 4 
01210334 	 361 
01210340 	 705 
01210341 	 1628 
01210342 	 434 
01210343 	 2182 
012110 	 4247 
01211001 	 64 
01211002 	 25 
01211003 	 298 
01211010 	 460 
01211012 	 705 
01211013 	 143 
01211020 	 101 
01211021 	 223 
01211023 	 401 
01211030 	 289 
01211031 	 628 
01211032 	 118 
012112 	 5995 
01211201 	 240 
01211202 	 122 
01211203 	 482 
01211210 	 451 
01211212 	 924 
01211213 	 192 
01211220 	 12 
01211221 	 87 
01211223 	 591 
01211230 	 134 
01211231 	 884 
01211232 	 465 
012113 	 4454 
01211301 	 151 
01211302 	 18 
01211303 	 21 
01211304 	 196 
01211310 	 145 
01211312 	 140 
01211313 	 214 
01211314 	 765 
01211320 	 17 
01211321 	 182 
01211323 	 32 
01211324 	 272 
01211330 	 5 
01211331 	 158 
01211332 	 5 
01211334 	 149 
01211340 	 120 
01211341 	 562 
01211342 	 121 
01211343 	 627 
012120 	 2127 
01212001 	 109 
01212002 	 60 
01212003 	 162 
01212010 	 138 
01212012 	 60 
01212013 	 29 
01212020 	 138 
01212021 	 100 
01212023 	 435 
01212030 	 161 
01212031 	 254 
01212032 	 83 
012121 	 8203 
01212101 	 665 
01212102 	 65 
01212103 	 566 
01212110 	 111 
01212112 	 321 
01212113 	 293 
01212120 	 82 
01212121 	 1115 
01212123 	 1321 
01212130 	 216 
01212131 	 1308 
01212132 	 350 
012123 	 27240 
01212301 	 586 
01212302 	 100 
01212303 	 115 
01212304 	 1517 
01212310 	 353 
01212312 	 576 
01212313 	 47 
01212314 	 414 
01212320 	 52 
01212321 	 511 
01212323 	 1398 
01212324 	 7619 
01212330 	 10 
01212331 	 37 
01212332 	 901 
01212334 	 606 
01212340 	 614 
01212341 	 2649 
01212342 	 1281 
01212343 	 3704 
012130 	 6315 
01213001 	 137 
01213002 	 35 
01213003 	 135 
01213004 	 480 
01213010 	 191 
01213012 	 126 
01213013 	 13 
01213014 	 126 
01213020 	 60 
01213021 	 93 
01213023 	 14 
01213024 	 551 
01213030 	 362 
01213031 	 182 
01213032 	 77 
01213034 	 821 
01213040 	 603 
01213041 	 770 
01213042 	 210 
01213043 	 243 
012131 	 31782 
01213101 	 861 
01213102 	 124 
01213103 	 150 
01213104 	 1868 
01213110 	 515 
01213112 	 706 
01213113 	 975 
01213114 	 562 
01213120 	 107 
01213121 	 972 
01213123 	 207 
01213124 	 2792 
01213130 	 202 
01213131 	 1283 
01213132 	 330 
01213134 	 4603 
01213140 	 870 
01213141 	 7098 
01213142 	 1092 
01213143 	 1336 
012132 	 7865 
01213201 	 147 
01213202 	 87 
01213203 	 5 
01213204 	 473 
01213210 	 96 
01213212 	 281 
01213213 	 18 
01213214 	 139 
01213220 	 18 
01213221 	 140 
01213223 	 198 
01213224 	 917 
01213230 	 50 
01213231 	 234 
01213232 	 482 
01213234 	 1036 
01213240 	 193 
01213241 	 916 
01213242 	 811 
01213243 	 338 
