Read data time:  0.822619
Count motifs time:  172.669137
End-to-end Time:  173.491755
0101 	 27967 
010101 	 6188 
01010101 	 3222 
01010102 	 110 
01010110 	 325 
01010112 	 28 
01010120 	 63 
01010121 	 176 
010102 	 550 
01010201 	 26 
01010202 	 31 
01010203 	 62 
01010210 	 30 
01010212 	 4 
01010213 	 2 
01010220 	 80 
01010221 	 3 
01010223 	 6 
01010230 	 3 
01010231 	 11 
01010232 	 33 
010110 	 3695 
01011001 	 1583 
01011002 	 55 
01011010 	 582 
01011012 	 50 
01011020 	 102 
01011021 	 42 
010112 	 296 
01011201 	 5 
01011202 	 5 
01011203 	 8 
01011210 	 30 
01011212 	 15 
01011213 	 9 
01011221 	 90 
01011223 	 5 
01011231 	 11 
01011232 	 13 
010120 	 315 
01012001 	 61 
01012002 	 37 
01012003 	 7 
01012010 	 29 
01012013 	 1 
01012020 	 9 
01012021 	 4 
01012023 	 2 
01012030 	 31 
01012031 	 8 
01012032 	 1 
010121 	 1397 
01012101 	 93 
01012102 	 3 
01012103 	 17 
01012110 	 102 
01012112 	 96 
01012113 	 33 
01012120 	 2 
01012121 	 116 
01012123 	 31 
01012130 	 12 
01012131 	 183 
01012132 	 8 
0102 	 31684 
010201 	 164 
01020101 	 23 
01020102 	 16 
01020103 	 12 
01020110 	 9 
01020112 	 2 
01020113 	 2 
01020120 	 23 
01020121 	 4 
01020123 	 2 
01020130 	 1 
01020131 	 5 
01020132 	 1 
010202 	 461 
01020201 	 12 
01020202 	 58 
01020203 	 57 
01020210 	 22 
01020212 	 1 
01020213 	 6 
01020220 	 38 
01020223 	 2 
01020230 	 5 
01020231 	 8 
01020232 	 23 
010203 	 7423 
01020301 	 9 
01020302 	 5 
01020303 	 54 
01020304 	 2844 
01020310 	 67 
01020312 	 3 
01020313 	 7 
01020314 	 66 
01020320 	 51 
01020321 	 2 
01020323 	 5 
01020324 	 51 
01020330 	 93 
01020331 	 3 
01020332 	 4 
01020334 	 78 
01020340 	 73 
01020341 	 40 
01020342 	 79 
01020343 	 467 
010210 	 1174 
01021001 	 185 
01021002 	 40 
01021003 	 64 
01021010 	 22 
01021012 	 6 
01021013 	 5 
01021020 	 542 
01021023 	 3 
01021030 	 34 
01021031 	 4 
01021032 	 19 
010212 	 171 
01021202 	 7 
01021203 	 8 
01021210 	 13 
01021212 	 7 
01021213 	 3 
01021220 	 12 
01021221 	 36 
01021223 	 3 
01021230 	 1 
01021231 	 2 
01021232 	 17 
010213 	 320 
01021302 	 1 
01021303 	 2 
01021304 	 37 
01021310 	 7 
01021313 	 14 
01021314 	 20 
01021320 	 6 
01021323 	 1 
01021324 	 2 
01021331 	 57 
01021332 	 1 
01021334 	 7 
01021340 	 2 
01021341 	 2 
01021342 	 4 
01021343 	 20 
010220 	 1479 
01022001 	 53 
01022002 	 386 
01022003 	 88 
01022010 	 322 
01022012 	 1 
01022013 	 11 
01022020 	 51 
01022021 	 6 
01022023 	 17 
01022030 	 57 
01022031 	 8 
01022032 	 18 
010221 	 49 
01022101 	 1 
01022103 	 3 
01022110 	 2 
01022112 	 13 
01022120 	 6 
01022121 	 4 
01022130 	 1 
01022131 	 4 
01022132 	 2 
010223 	 443 
01022301 	 2 
01022302 	 1 
01022303 	 5 
01022304 	 55 
01022310 	 11 
01022314 	 4 
01022320 	 18 
01022323 	 14 
01022324 	 26 
01022330 	 2 
01022332 	 108 
01022334 	 9 
01022340 	 2 
01022341 	 3 
01022342 	 12 
01022343 	 25 
010230 	 343 
01023002 	 4 
01023003 	 19 
01023004 	 30 
01023010 	 78 
01023014 	 1 
01023020 	 42 
01023021 	 2 
01023024 	 4 
01023030 	 6 
01023034 	 4 
01023040 	 89 
01023041 	 3 
01023042 	 4 
01023043 	 2 
010231 	 399 
01023101 	 4 
01023102 	 2 
01023104 	 78 
01023110 	 8 
01023112 	 6 
01023113 	 28 
01023114 	 11 
01023120 	 19 
01023121 	 1 
01023124 	 5 
01023131 	 10 
01023134 	 20 
01023140 	 3 
01023141 	 34 
01023142 	 9 
01023143 	 3 
010232 	 2021 
01023201 	 7 
01023202 	 13 
01023203 	 5 
01023204 	 422 
01023210 	 46 
01023212 	 6 
01023213 	 1 
01023214 	 16 
01023220 	 48 
01023221 	 4 
01023223 	 131 
01023224 	 38 
01023230 	 5 
01023231 	 3 
01023232 	 25 
01023234 	 147 
01023240 	 22 
01023241 	 15 
01023242 	 229 
01023243 	 19 
0110 	 107859 
011001 	 43433 
01100101 	 1775 
01100102 	 725 
01100110 	 24035 
01100112 	 693 
01100120 	 458 
01100121 	 1040 
011002 	 2492 
01100201 	 289 
01100202 	 119 
01100203 	 177 
01100210 	 10 
01100212 	 24 
01100213 	 28 
01100220 	 806 
01100221 	 4 
01100223 	 32 
01100230 	 35 
01100231 	 18 
01100232 	 119 
011010 	 4192 
01101001 	 1986 
01101002 	 70 
01101010 	 367 
01101012 	 42 
01101020 	 113 
01101021 	 42 
011012 	 1840 
01101201 	 260 
01101202 	 31 
01101203 	 38 
01101210 	 26 
01101212 	 63 
01101213 	 102 
01101220 	 7 
01101221 	 313 
01101223 	 38 
01101230 	 25 
01101231 	 25 
01101232 	 89 
011020 	 3491 
01102001 	 691 
01102002 	 469 
01102003 	 136 
01102010 	 58 
01102012 	 4 
01102013 	 53 
01102020 	 68 
01102021 	 6 
01102023 	 62 
01102030 	 373 
01102031 	 18 
01102032 	 25 
011021 	 1383 
01102101 	 437 
01102102 	 1 
01102103 	 23 
01102110 	 26 
01102112 	 163 
01102113 	 32 
01102120 	 8 
01102121 	 29 
01102123 	 23 
01102130 	 20 
01102131 	 141 
01102132 	 6 
0112 	 15842 
011201 	 35 
01120101 	 2 
01120110 	 5 
01120112 	 7 
01120121 	 6 
01120130 	 1 
01120131 	 1 
01120132 	 1 
011202 	 142 
01120201 	 1 
01120202 	 3 
01120203 	 4 
01120210 	 15 
01120212 	 3 
01120213 	 2 
01120220 	 7 
01120221 	 19 
01120223 	 5 
01120231 	 1 
01120232 	 17 
011203 	 288 
01120301 	 1 
01120302 	 1 
01120303 	 6 
01120304 	 40 
01120310 	 12 
01120312 	 2 
01120313 	 6 
01120314 	 14 
01120321 	 29 
01120323 	 2 
01120324 	 6 
01120330 	 11 
01120334 	 6 
01120340 	 1 
01120342 	 10 
01120343 	 19 
011210 	 1130 
01121001 	 227 
01121002 	 7 
01121003 	 24 
01121010 	 26 
01121012 	 32 
01121013 	 55 
01121020 	 14 
01121021 	 183 
01121023 	 18 
01121030 	 36 
01121031 	 10 
01121032 	 24 
011212 	 701 
01121201 	 2 
01121202 	 3 
01121203 	 7 
01121210 	 49 
01121212 	 174 
01121213 	 23 
01121220 	 1 
01121221 	 78 
01121223 	 4 
01121230 	 1 
01121231 	 24 
01121232 	 33 
011213 	 917 
01121302 	 3 
01121303 	 4 
01121304 	 13 
01121310 	 36 
01121312 	 4 
01121313 	 23 
01121314 	 178 
01121321 	 112 
01121323 	 7 
01121324 	 7 
01121331 	 107 
01121332 	 1 
01121334 	 10 
01121340 	 2 
01121341 	 14 
01121342 	 8 
01121343 	 47 
011220 	 20 
01122001 	 1 
01122002 	 3 
01122010 	 5 
01122021 	 4 
01122032 	 1 
011221 	 4047 
01122101 	 22 
01122102 	 5 
01122103 	 47 
01122110 	 264 
01122112 	 1491 
01122113 	 270 
01122120 	 3 
01122121 	 146 
01122123 	 56 
01122130 	 11 
01122131 	 186 
01122132 	 57 
011223 	 254 
01122302 	 2 
01122303 	 2 
01122304 	 5 
01122310 	 8 
01122313 	 5 
01122314 	 6 
01122321 	 27 
01122323 	 18 
01122324 	 16 
01122331 	 1 
01122332 	 60 
01122334 	 5 
01122340 	 1 
01122342 	 8 
01122343 	 16 
011230 	 70 
01123002 	 1 
01123003 	 5 
01123004 	 1 
01123010 	 24 
01123012 	 1 
01123013 	 1 
01123014 	 5 
01123021 	 8 
01123024 	 1 
01123034 	 1 
01123040 	 3 
01123042 	 2 
01123043 	 2 
011231 	 541 
01123101 	 4 
01123102 	 1 
01123104 	 5 
01123110 	 25 
01123112 	 23 
01123113 	 37 
01123114 	 35 
01123121 	 129 
01123124 	 2 
01123131 	 5 
01123134 	 7 
01123140 	 2 
01123141 	 153 
01123142 	 10 
01123143 	 3 
011232 	 864 
01123201 	 1 
01123202 	 4 
01123204 	 19 
01123210 	 41 
01123212 	 24 
01123213 	 1 
01123214 	 30 
01123220 	 1 
01123221 	 128 
01123223 	 71 
01123224 	 24 
01123232 	 24 
01123234 	 18 
01123240 	 4 
01123241 	 15 
01123242 	 125 
01123243 	 6 
0120 	 7106 
012001 	 285 
01200101 	 72 
01200102 	 36 
01200103 	 5 
01200110 	 24 
01200113 	 1 
01200120 	 4 
01200121 	 1 
01200123 	 4 
01200130 	 14 
01200131 	 9 
01200132 	 2 
012002 	 755 
01200201 	 26 
01200202 	 17 
01200203 	 32 
01200210 	 78 
01200212 	 10 
01200213 	 6 
01200220 	 247 
01200223 	 15 
01200230 	 14 
01200231 	 8 
01200232 	 19 
012003 	 308 
01200301 	 11 
01200302 	 14 
01200303 	 11 
01200304 	 41 
01200310 	 25 
01200313 	 2 
01200314 	 1 
01200323 	 1 
01200324 	 8 
01200330 	 52 
01200331 	 1 
01200334 	 1 
01200340 	 24 
01200341 	 2 
01200342 	 1 
01200343 	 21 
012010 	 1994 
01201001 	 551 
01201002 	 244 
01201003 	 157 
01201010 	 49 
01201012 	 4 
01201013 	 20 
01201020 	 14 
01201021 	 2 
01201023 	 29 
01201030 	 144 
01201031 	 18 
01201032 	 13 
012012 	 7 
01201202 	 2 
01201210 	 3 
01201221 	 1 
012013 	 60 
01201302 	 5 
01201310 	 4 
01201313 	 2 
01201314 	 4 
01201323 	 1 
01201324 	 1 
01201330 	 2 
01201331 	 11 
01201334 	 1 
01201340 	 3 
01201343 	 4 
012020 	 121 
01202001 	 5 
01202002 	 15 
01202003 	 6 
01202010 	 33 
01202020 	 9 
01202021 	 1 
01202023 	 1 
01202030 	 6 
01202032 	 1 
012021 	 27 
01202101 	 3 
01202102 	 2 
01202110 	 6 
01202112 	 2 
01202120 	 1 
01202123 	 1 
01202131 	 1 
01202132 	 2 
012023 	 127 
01202301 	 6 
01202302 	 2 
01202303 	 6 
01202304 	 7 
01202310 	 6 
01202312 	 1 
01202314 	 1 
01202320 	 1 
01202323 	 1 
01202324 	 21 
01202332 	 7 
01202334 	 3 
01202340 	 3 
01202342 	 1 
01202343 	 5 
012030 	 868 
01203001 	 23 
01203002 	 30 
01203003 	 49 
01203004 	 56 
01203010 	 153 
01203014 	 6 
01203020 	 2 
01203021 	 1 
01203023 	 1 
01203024 	 11 
01203030 	 7 
01203034 	 14 
01203040 	 315 
01203041 	 6 
01203042 	 2 
01203043 	 2 
012031 	 121 
01203101 	 4 
01203102 	 14 
01203104 	 5 
01203110 	 20 
01203113 	 8 
01203114 	 3 
01203121 	 2 
01203124 	 1 
01203131 	 3 
01203134 	 3 
01203140 	 9 
01203141 	 14 
01203142 	 1 
012032 	 37 
01203202 	 12 
01203204 	 1 
01203210 	 5 
01203220 	 1 
01203221 	 1 
01203223 	 2 
01203224 	 1 
01203232 	 1 
01203234 	 1 
01203242 	 2 
0121 	 68387 
012101 	 721 
01210101 	 136 
01210102 	 4 
01210103 	 9 
01210110 	 45 
01210112 	 15 
01210113 	 6 
01210120 	 3 
01210121 	 54 
01210123 	 14 
01210130 	 12 
01210131 	 57 
01210132 	 5 
012102 	 68 
01210201 	 1 
01210202 	 3 
01210203 	 5 
01210210 	 5 
01210212 	 22 
01210220 	 5 
01210221 	 1 
01210231 	 2 
01210232 	 2 
012103 	 1682 
01210301 	 3 
01210302 	 1 
01210303 	 24 
01210304 	 383 
01210310 	 34 
01210312 	 55 
01210313 	 14 
01210314 	 32 
01210320 	 2 
01210321 	 8 
01210323 	 42 
01210324 	 123 
01210330 	 46 
01210334 	 16 
01210340 	 19 
01210341 	 33 
01210342 	 11 
01210343 	 104 
012110 	 3830 
01211001 	 1206 
01211002 	 7 
01211003 	 82 
01211010 	 97 
01211012 	 300 
01211013 	 113 
01211020 	 32 
01211021 	 5 
01211023 	 69 
01211030 	 120 
01211031 	 146 
01211032 	 12 
012112 	 4657 
01211201 	 7 
01211202 	 23 
01211203 	 97 
01211210 	 308 
01211212 	 144 
01211213 	 127 
01211220 	 8 
01211221 	 1532 
01211223 	 99 
01211230 	 21 
01211231 	 158 
01211232 	 156 
012113 	 2181 
01211301 	 2 
01211303 	 6 
01211304 	 33 
01211310 	 72 
01211312 	 96 
01211313 	 79 
01211314 	 250 
01211320 	 2 
01211321 	 3 
01211323 	 13 
01211324 	 25 
01211331 	 477 
01211332 	 1 
01211334 	 24 
01211340 	 6 
01211341 	 156 
01211342 	 7 
01211343 	 123 
012120 	 72 
01212001 	 2 
01212002 	 10 
01212003 	 5 
01212010 	 18 
01212012 	 2 
01212020 	 1 
01212021 	 2 
01212023 	 5 
01212030 	 2 
01212031 	 3 
012121 	 1536 
01212101 	 50 
01212102 	 5 
01212103 	 36 
01212110 	 56 
01212112 	 112 
01212113 	 20 
01212120 	 2 
01212121 	 251 
01212123 	 19 
01212130 	 2 
01212131 	 177 
01212132 	 17 
012123 	 1658 
01212301 	 4 
01212302 	 1 
01212303 	 26 
01212304 	 131 
01212310 	 45 
01212312 	 46 
01212313 	 8 
01212314 	 26 
01212320 	 3 
01212321 	 3 
01212323 	 25 
01212324 	 374 
01212332 	 55 
01212334 	 29 
01212340 	 10 
01212341 	 41 
01212342 	 14 
01212343 	 126 
012130 	 354 
01213001 	 9 
01213003 	 25 
01213004 	 16 
01213010 	 70 
01213012 	 14 
01213014 	 4 
01213020 	 2 
01213021 	 3 
01213024 	 7 
01213030 	 7 
01213034 	 8 
01213040 	 54 
01213041 	 11 
01213043 	 1 
012131 	 16279 
01213101 	 76 
01213102 	 4 
01213103 	 6 
01213104 	 171 
01213110 	 392 
01213112 	 454 
01213113 	 529 
01213114 	 667 
01213120 	 4 
01213121 	 70 
01213123 	 4 
01213124 	 149 
01213130 	 1 
01213131 	 207 
01213132 	 6 
01213134 	 184 
01213140 	 41 
01213141 	 7814 
01213142 	 55 
01213143 	 47 
012132 	 341 
01213201 	 3 
01213202 	 2 
01213204 	 11 
01213210 	 11 
01213212 	 80 
01213214 	 1 
01213221 	 12 
01213223 	 29 
01213224 	 16 
01213232 	 6 
01213234 	 7 
01213241 	 13 
01213242 	 45 
01213243 	 2 
