Read data time:  0.110751
Count motifs time:  9.807892
End-to-end Time:  9.918644
0101 	 9339 
010101 	 2663 
01010101 	 870 
01010102 	 290 
01010110 	 178 
01010112 	 106 
01010120 	 120 
01010121 	 167 
010102 	 1388 
01010201 	 181 
01010202 	 116 
01010203 	 246 
01010210 	 71 
01010213 	 55 
01010220 	 75 
01010223 	 66 
01010230 	 89 
01010231 	 67 
01010232 	 65 
010110 	 910 
01011001 	 245 
01011002 	 44 
01011010 	 147 
01011012 	 61 
01011020 	 48 
01011021 	 49 
010112 	 463 
01011201 	 48 
01011203 	 21 
01011210 	 48 
01011212 	 37 
01011213 	 55 
01011221 	 22 
01011223 	 26 
01011230 	 25 
01011231 	 38 
01011232 	 36 
010120 	 567 
01012001 	 49 
01012002 	 71 
01012003 	 40 
01012010 	 29 
01012013 	 9 
01012020 	 54 
01012021 	 1 
01012023 	 93 
01012030 	 48 
01012031 	 23 
01012032 	 33 
010121 	 707 
01012101 	 75 
01012103 	 34 
01012110 	 31 
01012112 	 52 
01012113 	 34 
01012121 	 52 
01012123 	 104 
01012130 	 24 
01012131 	 55 
01012132 	 50 
0102 	 13078 
010201 	 1077 
01020101 	 168 
01020102 	 113 
01020103 	 156 
01020110 	 48 
01020113 	 33 
01020120 	 25 
01020123 	 45 
01020130 	 62 
01020131 	 51 
01020132 	 38 
010202 	 1182 
01020201 	 86 
01020202 	 229 
01020203 	 166 
01020210 	 12 
01020213 	 28 
01020220 	 71 
01020223 	 56 
01020230 	 83 
01020231 	 25 
01020232 	 89 
010203 	 2866 
01020301 	 114 
01020302 	 139 
01020303 	 195 
01020304 	 645 
01020310 	 40 
01020314 	 65 
01020320 	 63 
01020323 	 1 
01020324 	 57 
01020330 	 105 
01020331 	 3 
01020334 	 125 
01020340 	 183 
01020341 	 88 
01020342 	 121 
01020343 	 133 
010210 	 532 
01021001 	 89 
01021002 	 11 
01021003 	 29 
01021010 	 32 
01021013 	 49 
01021020 	 38 
01021023 	 31 
01021030 	 25 
01021031 	 35 
01021032 	 17 
010212 	 10 
01021203 	 1 
01021210 	 1 
01021223 	 1 
01021230 	 1 
01021231 	 1 
010213 	 393 
01021301 	 8 
01021302 	 9 
01021304 	 19 
01021310 	 31 
01021313 	 38 
01021314 	 61 
01021320 	 6 
01021323 	 1 
01021324 	 11 
01021331 	 33 
01021334 	 17 
01021340 	 19 
01021341 	 25 
01021342 	 12 
01021343 	 26 
010220 	 768 
01022001 	 20 
01022002 	 196 
01022003 	 49 
01022010 	 27 
01022012 	 1 
01022013 	 14 
01022020 	 53 
01022021 	 1 
01022023 	 58 
01022030 	 37 
01022031 	 18 
01022032 	 58 
010221 	 5 
01022102 	 2 
01022112 	 2 
01022123 	 1 
010223 	 574 
01022301 	 11 
01022302 	 26 
01022303 	 1 
01022304 	 49 
01022310 	 6 
01022314 	 18 
01022320 	 51 
01022323 	 51 
01022324 	 95 
01022331 	 3 
01022332 	 44 
01022334 	 26 
01022340 	 15 
01022341 	 14 
01022342 	 42 
01022343 	 29 
010230 	 980 
01023001 	 28 
01023002 	 24 
01023003 	 96 
01023004 	 98 
01023010 	 29 
01023014 	 20 
01023020 	 35 
01023021 	 1 
01023024 	 25 
01023030 	 89 
01023034 	 144 
01023040 	 62 
01023041 	 36 
01023042 	 23 
01023043 	 69 
010231 	 634 
01023101 	 21 
01023102 	 16 
01023103 	 1 
01023104 	 50 
01023110 	 14 
01023112 	 2 
01023113 	 30 
01023114 	 20 
01023120 	 11 
01023121 	 1 
01023124 	 14 
01023130 	 2 
01023131 	 41 
01023134 	 113 
01023140 	 30 
01023141 	 44 
01023142 	 21 
01023143 	 50 
010232 	 783 
01023201 	 16 
01023202 	 40 
01023204 	 57 
01023210 	 9 
01023214 	 15 
01023220 	 24 
01023223 	 70 
01023224 	 38 
01023231 	 1 
01023232 	 77 
01023234 	 123 
01023240 	 32 
01023241 	 21 
01023242 	 63 
01023243 	 52 
0110 	 7823 
011001 	 2350 
01100101 	 221 
01100102 	 131 
01100110 	 658 
01100112 	 105 
01100120 	 159 
01100121 	 123 
011002 	 412 
01100201 	 60 
01100202 	 30 
01100203 	 48 
01100210 	 20 
01100213 	 20 
01100220 	 37 
01100223 	 22 
01100230 	 26 
01100231 	 12 
01100232 	 31 
011010 	 780 
01101001 	 179 
01101002 	 22 
01101010 	 120 
01101012 	 52 
01101020 	 39 
01101021 	 34 
011012 	 629 
01101201 	 66 
01101202 	 2 
01101203 	 20 
01101210 	 40 
01101212 	 38 
01101213 	 82 
01101221 	 54 
01101223 	 21 
01101230 	 29 
01101231 	 36 
01101232 	 49 
011020 	 511 
01102001 	 50 
01102002 	 39 
01102003 	 28 
01102010 	 16 
01102013 	 21 
01102020 	 32 
01102023 	 74 
01102030 	 54 
01102031 	 12 
01102032 	 31 
011021 	 678 
01102101 	 65 
01102103 	 14 
01102110 	 27 
01102112 	 75 
01102113 	 40 
01102120 	 1 
01102121 	 48 
01102123 	 92 
01102130 	 26 
01102131 	 45 
01102132 	 33 
0112 	 4027 
011201 	 260 
01120101 	 50 
01120103 	 13 
01120110 	 23 
01120112 	 15 
01120113 	 18 
01120121 	 22 
01120123 	 14 
01120130 	 11 
01120131 	 14 
01120132 	 9 
011202 	 2 
01120221 	 1 
011203 	 252 
01120301 	 8 
01120303 	 12 
01120304 	 40 
01120310 	 11 
01120312 	 15 
01120314 	 22 
01120321 	 13 
01120323 	 2 
01120324 	 10 
01120330 	 8 
01120334 	 6 
01120340 	 14 
01120341 	 13 
01120342 	 6 
01120343 	 13 
011210 	 528 
01121001 	 83 
01121003 	 11 
01121010 	 29 
01121012 	 27 
01121013 	 62 
01121020 	 2 
01121021 	 46 
01121023 	 12 
01121030 	 18 
01121031 	 47 
01121032 	 30 
011212 	 340 
01121201 	 5 
01121203 	 5 
01121210 	 18 
01121212 	 82 
01121213 	 57 
01121221 	 21 
01121223 	 16 
01121230 	 13 
01121231 	 26 
01121232 	 18 
011213 	 585 
01121301 	 15 
01121304 	 25 
01121310 	 27 
01121312 	 41 
01121313 	 39 
01121314 	 130 
01121321 	 13 
01121324 	 15 
01121331 	 23 
01121334 	 34 
01121340 	 15 
01121341 	 50 
01121342 	 24 
01121343 	 28 
011220 	 1 
01122021 	 1 
011221 	 303 
01122101 	 9 
01122103 	 11 
01122110 	 13 
01122112 	 70 
01122113 	 23 
01122121 	 20 
01122123 	 22 
01122130 	 5 
01122131 	 27 
01122132 	 21 
011223 	 211 
01122301 	 7 
01122303 	 1 
01122304 	 6 
01122310 	 11 
01122312 	 11 
01122314 	 11 
01122321 	 28 
01122323 	 16 
01122324 	 20 
01122332 	 12 
01122334 	 12 
01122340 	 4 
01122341 	 12 
01122342 	 17 
01122343 	 15 
011230 	 149 
01123001 	 3 
01123003 	 25 
01123004 	 9 
01123010 	 6 
01123012 	 7 
01123014 	 4 
01123021 	 10 
01123024 	 3 
01123030 	 13 
01123032 	 1 
01123034 	 17 
01123040 	 14 
01123041 	 2 
01123042 	 2 
01123043 	 7 
011231 	 328 
01123101 	 10 
01123104 	 8 
01123110 	 10 
01123112 	 16 
01123113 	 28 
01123114 	 24 
01123121 	 14 
01123124 	 9 
01123131 	 31 
01123132 	 1 
01123134 	 49 
01123140 	 7 
01123141 	 28 
01123142 	 14 
01123143 	 20 
011232 	 276 
01123201 	 7 
01123204 	 8 
01123210 	 5 
01123212 	 6 
01123213 	 1 
01123214 	 17 
01123221 	 24 
01123223 	 13 
01123224 	 25 
01123230 	 2 
01123231 	 1 
01123232 	 26 
01123234 	 33 
01123240 	 12 
01123241 	 13 
01123242 	 22 
01123243 	 16 
0120 	 6157 
012001 	 265 
01200101 	 44 
01200102 	 22 
01200103 	 36 
01200110 	 28 
01200113 	 11 
01200120 	 17 
01200123 	 17 
01200130 	 15 
01200131 	 18 
01200132 	 6 
012002 	 744 
01200201 	 13 
01200202 	 54 
01200203 	 66 
01200210 	 35 
01200213 	 19 
01200220 	 156 
01200223 	 35 
01200230 	 47 
01200231 	 22 
01200232 	 43 
012003 	 481 
01200301 	 21 
01200302 	 49 
01200303 	 31 
01200304 	 83 
01200310 	 15 
01200314 	 12 
01200320 	 25 
01200324 	 30 
01200330 	 26 
01200334 	 14 
01200340 	 35 
01200341 	 7 
01200342 	 17 
01200343 	 31 
012010 	 402 
01201001 	 61 
01201002 	 28 
01201003 	 21 
01201010 	 25 
01201013 	 22 
01201020 	 19 
01201021 	 1 
01201023 	 31 
01201030 	 31 
01201031 	 22 
01201032 	 17 
012012 	 1 
01201230 	 1 
012013 	 182 
01201301 	 4 
01201302 	 13 
01201304 	 7 
01201310 	 13 
01201313 	 10 
01201314 	 19 
01201320 	 2 
01201321 	 1 
01201324 	 9 
01201331 	 16 
01201334 	 12 
01201340 	 10 
01201341 	 13 
01201342 	 7 
01201343 	 12 
012020 	 680 
01202001 	 11 
01202002 	 52 
01202003 	 34 
01202010 	 25 
01202013 	 15 
01202020 	 152 
01202023 	 98 
01202030 	 58 
01202031 	 26 
01202032 	 36 
012021 	 3 
012023 	 937 
01202301 	 16 
01202302 	 39 
01202304 	 46 
01202310 	 30 
01202314 	 13 
01202320 	 54 
01202321 	 3 
01202323 	 82 
01202324 	 192 
01202332 	 29 
01202334 	 41 
01202340 	 46 
01202341 	 28 
01202342 	 66 
01202343 	 62 
012030 	 482 
01203001 	 17 
01203002 	 23 
01203003 	 23 
01203004 	 17 
01203010 	 11 
01203014 	 13 
01203020 	 18 
01203024 	 31 
01203030 	 33 
01203032 	 1 
01203034 	 71 
01203040 	 43 
01203041 	 9 
01203042 	 29 
01203043 	 32 
012031 	 244 
01203101 	 5 
01203102 	 8 
01203104 	 5 
01203110 	 11 
01203113 	 11 
01203114 	 10 
01203120 	 7 
01203123 	 1 
01203124 	 14 
01203131 	 19 
01203134 	 30 
01203140 	 14 
01203141 	 13 
01203142 	 14 
01203143 	 21 
012032 	 410 
01203201 	 7 
01203202 	 22 
01203204 	 14 
01203210 	 11 
01203214 	 9 
01203220 	 10 
01203223 	 45 
01203224 	 31 
01203232 	 52 
01203234 	 58 
01203240 	 11 
01203241 	 10 
01203242 	 24 
01203243 	 28 
0121 	 5576 
012101 	 317 
01210101 	 59 
01210103 	 30 
01210110 	 20 
01210112 	 17 
01210113 	 10 
01210120 	 3 
01210121 	 16 
01210123 	 16 
01210130 	 14 
01210131 	 27 
01210132 	 16 
012102 	 10 
01210202 	 2 
01210212 	 1 
01210213 	 1 
012103 	 353 
01210301 	 24 
01210303 	 23 
01210304 	 55 
01210310 	 6 
01210312 	 11 
01210314 	 11 
01210321 	 11 
01210324 	 26 
01210330 	 17 
01210334 	 17 
01210340 	 17 
01210341 	 13 
01210342 	 12 
01210343 	 19 
012110 	 327 
01211001 	 36 
01211003 	 13 
01211010 	 16 
01211012 	 54 
01211013 	 18 
01211021 	 18 
01211023 	 21 
01211030 	 12 
01211031 	 26 
01211032 	 12 
012112 	 404 
01211201 	 28 
01211203 	 11 
01211210 	 13 
01211212 	 27 
01211213 	 29 
01211221 	 75 
01211223 	 18 
01211230 	 11 
01211231 	 29 
01211232 	 21 
012113 	 314 
01211301 	 4 
01211304 	 9 
01211310 	 20 
01211312 	 24 
01211313 	 22 
01211314 	 44 
01211321 	 18 
01211324 	 16 
01211331 	 20 
01211334 	 19 
01211340 	 9 
01211341 	 29 
01211342 	 6 
01211343 	 21 
012120 	 10 
01212002 	 2 
01212010 	 3 
01212023 	 1 
01212032 	 1 
012121 	 547 
01212101 	 24 
01212103 	 21 
01212110 	 14 
01212112 	 45 
01212113 	 20 
01212121 	 111 
01212123 	 74 
01212130 	 17 
01212131 	 31 
01212132 	 43 
012123 	 875 
01212301 	 21 
01212303 	 2 
01212304 	 20 
01212310 	 17 
01212312 	 21 
01212314 	 33 
01212320 	 2 
01212321 	 55 
01212323 	 63 
01212324 	 165 
01212331 	 1 
01212332 	 57 
01212334 	 34 
01212340 	 28 
01212341 	 56 
01212342 	 56 
01212343 	 42 
012130 	 241 
01213001 	 10 
01213003 	 16 
01213004 	 9 
01213010 	 12 
01213012 	 3 
01213014 	 7 
01213021 	 5 
01213024 	 13 
01213030 	 20 
01213034 	 43 
01213040 	 14 
01213041 	 11 
01213042 	 12 
01213043 	 17 
012131 	 491 
01213101 	 13 
01213104 	 17 
01213110 	 22 
01213112 	 19 
01213113 	 21 
01213114 	 24 
01213121 	 13 
01213123 	 3 
01213124 	 20 
01213131 	 42 
01213134 	 73 
01213140 	 15 
01213141 	 47 
01213142 	 17 
01213143 	 36 
012132 	 400 
01213201 	 9 
01213204 	 15 
01213210 	 7 
01213212 	 21 
01213214 	 20 
01213221 	 17 
01213223 	 28 
01213224 	 26 
01213232 	 47 
01213234 	 52 
01213240 	 8 
01213241 	 16 
01213242 	 29 
01213243 	 25 
