Read data time:  0.096618
Count motifs time:  6.664022
End-to-end Time:  6.760640
0101 	 5330 
010101 	 1887 
01010101 	 1037 
01010102 	 307 
01010110 	 77 
01010112 	 71 
01010120 	 47 
01010121 	 157 
010102 	 1084 
01010201 	 227 
01010202 	 124 
01010203 	 278 
01010210 	 39 
01010213 	 28 
01010220 	 44 
01010221 	 2 
01010223 	 44 
01010230 	 43 
01010231 	 73 
01010232 	 82 
010110 	 560 
01011001 	 214 
01011002 	 18 
01011010 	 179 
01011012 	 28 
01011020 	 40 
01011021 	 39 
010112 	 257 
01011201 	 56 
01011203 	 20 
01011210 	 26 
01011212 	 7 
01011213 	 28 
01011221 	 33 
01011223 	 12 
01011230 	 5 
01011231 	 31 
01011232 	 19 
010120 	 259 
01012001 	 14 
01012002 	 58 
01012003 	 16 
01012010 	 26 
01012013 	 3 
01012020 	 17 
01012021 	 2 
01012023 	 50 
01012030 	 27 
01012031 	 15 
01012032 	 12 
010121 	 601 
01012101 	 96 
01012102 	 2 
01012103 	 40 
01012110 	 36 
01012112 	 89 
01012113 	 12 
01012121 	 56 
01012123 	 103 
01012130 	 17 
01012131 	 65 
01012132 	 45 
0102 	 16150 
010201 	 847 
01020101 	 221 
01020102 	 140 
01020103 	 181 
01020110 	 23 
01020113 	 30 
01020120 	 17 
01020121 	 1 
01020123 	 28 
01020130 	 13 
01020131 	 86 
01020132 	 55 
010202 	 1082 
01020201 	 86 
01020202 	 318 
01020203 	 283 
01020210 	 22 
01020212 	 1 
01020213 	 23 
01020220 	 49 
01020221 	 1 
01020223 	 40 
01020230 	 45 
01020231 	 36 
01020232 	 93 
010203 	 5754 
01020301 	 168 
01020302 	 191 
01020303 	 299 
01020304 	 2774 
01020310 	 128 
01020313 	 1 
01020314 	 79 
01020320 	 147 
01020323 	 1 
01020324 	 71 
01020330 	 230 
01020331 	 1 
01020334 	 148 
01020340 	 349 
01020341 	 156 
01020342 	 182 
01020343 	 274 
010210 	 913 
01021001 	 315 
01021002 	 8 
01021003 	 57 
01021010 	 33 
01021012 	 1 
01021013 	 78 
01021020 	 133 
01021021 	 1 
01021023 	 19 
01021030 	 61 
01021031 	 78 
01021032 	 34 
010212 	 5 
01021212 	 1 
01021220 	 1 
01021221 	 1 
01021223 	 1 
01021230 	 1 
010213 	 339 
01021301 	 29 
01021302 	 14 
01021304 	 27 
01021310 	 67 
01021313 	 13 
01021314 	 42 
01021320 	 9 
01021323 	 1 
01021324 	 6 
01021331 	 37 
01021332 	 1 
01021334 	 11 
01021340 	 9 
01021341 	 32 
01021342 	 11 
01021343 	 18 
010220 	 1119 
01022001 	 9 
01022002 	 412 
01022003 	 75 
01022010 	 84 
01022012 	 1 
01022013 	 15 
01022020 	 70 
01022021 	 2 
01022023 	 97 
01022030 	 84 
01022031 	 29 
01022032 	 121 
010221 	 5 
01022102 	 2 
01022112 	 2 
010223 	 609 
01022301 	 23 
01022302 	 61 
01022304 	 54 
01022310 	 17 
01022314 	 12 
01022320 	 127 
01022321 	 2 
01022323 	 18 
01022324 	 67 
01022331 	 1 
01022332 	 54 
01022334 	 17 
01022340 	 18 
01022341 	 12 
01022342 	 70 
01022343 	 35 
010230 	 1239 
01023001 	 8 
01023002 	 14 
01023003 	 215 
01023004 	 124 
01023010 	 62 
01023014 	 20 
01023020 	 73 
01023024 	 18 
01023030 	 72 
01023034 	 278 
01023040 	 119 
01023041 	 31 
01023042 	 32 
01023043 	 74 
010231 	 814 
01023101 	 36 
01023102 	 31 
01023104 	 90 
01023110 	 41 
01023112 	 1 
01023113 	 55 
01023114 	 25 
01023120 	 28 
01023124 	 6 
01023130 	 3 
01023131 	 34 
01023132 	 2 
01023134 	 192 
01023140 	 29 
01023141 	 79 
01023142 	 43 
01023143 	 55 
010232 	 1136 
01023201 	 34 
01023202 	 73 
01023203 	 1 
01023204 	 135 
01023210 	 27 
01023212 	 1 
01023213 	 1 
01023214 	 15 
01023220 	 65 
01023221 	 1 
01023223 	 83 
01023224 	 37 
01023230 	 3 
01023231 	 3 
01023232 	 67 
01023234 	 246 
01023240 	 43 
01023241 	 36 
01023242 	 120 
01023243 	 74 
0110 	 9196 
011001 	 4159 
01100101 	 254 
01100102 	 292 
01100110 	 2435 
01100112 	 127 
01100120 	 363 
01100121 	 324 
011002 	 405 
01100201 	 167 
01100202 	 6 
01100203 	 42 
01100210 	 9 
01100212 	 1 
01100213 	 19 
01100220 	 38 
01100223 	 20 
01100230 	 29 
01100231 	 28 
01100232 	 25 
011010 	 676 
01101001 	 316 
01101002 	 25 
01101010 	 79 
01101012 	 60 
01101020 	 69 
01101021 	 65 
011012 	 864 
01101201 	 201 
01101202 	 1 
01101203 	 11 
01101210 	 26 
01101212 	 28 
01101213 	 146 
01101221 	 124 
01101223 	 31 
01101230 	 37 
01101231 	 93 
01101232 	 59 
011020 	 808 
01102001 	 182 
01102002 	 87 
01102003 	 19 
01102010 	 29 
01102012 	 1 
01102013 	 42 
01102020 	 30 
01102021 	 6 
01102023 	 152 
01102030 	 78 
01102031 	 52 
01102032 	 60 
011021 	 1109 
01102101 	 206 
01102103 	 21 
01102110 	 24 
01102112 	 238 
01102113 	 33 
01102120 	 2 
01102121 	 98 
01102123 	 224 
01102130 	 44 
01102131 	 98 
01102132 	 65 
0112 	 3218 
011201 	 249 
01120101 	 74 
01120102 	 1 
01120103 	 35 
01120110 	 19 
01120112 	 9 
01120113 	 12 
01120121 	 44 
01120123 	 6 
01120130 	 5 
01120131 	 30 
01120132 	 9 
011202 	 4 
01120210 	 2 
01120212 	 1 
01120213 	 1 
011203 	 241 
01120301 	 41 
01120303 	 10 
01120304 	 37 
01120310 	 37 
01120312 	 5 
01120314 	 17 
01120321 	 17 
01120323 	 1 
01120324 	 3 
01120330 	 8 
01120331 	 1 
01120332 	 2 
01120334 	 15 
01120340 	 10 
01120341 	 14 
01120342 	 12 
01120343 	 8 
011210 	 850 
01121001 	 234 
01121003 	 35 
01121010 	 29 
01121012 	 19 
01121013 	 105 
01121020 	 1 
01121021 	 167 
01121023 	 27 
01121030 	 37 
01121031 	 99 
01121032 	 54 
011212 	 96 
01121201 	 4 
01121203 	 7 
01121210 	 14 
01121212 	 21 
01121213 	 14 
01121221 	 13 
01121223 	 3 
01121230 	 5 
01121231 	 5 
01121232 	 6 
011213 	 439 
01121301 	 20 
01121303 	 1 
01121304 	 22 
01121310 	 69 
01121312 	 10 
01121313 	 16 
01121314 	 118 
01121321 	 23 
01121324 	 9 
01121331 	 19 
01121334 	 11 
01121340 	 15 
01121341 	 53 
01121342 	 11 
01121343 	 17 
011221 	 347 
01122101 	 23 
01122102 	 1 
01122103 	 19 
01122110 	 43 
01122112 	 106 
01122113 	 16 
01122121 	 24 
01122123 	 22 
01122130 	 7 
01122131 	 31 
01122132 	 38 
011223 	 138 
01122301 	 7 
01122302 	 1 
01122303 	 1 
01122304 	 10 
01122310 	 20 
01122312 	 5 
01122314 	 4 
01122321 	 33 
01122323 	 3 
01122324 	 13 
01122330 	 1 
01122332 	 6 
01122334 	 5 
01122340 	 3 
01122341 	 12 
01122342 	 8 
01122343 	 6 
011230 	 133 
01123001 	 5 
01123003 	 19 
01123004 	 8 
01123010 	 22 
01123012 	 3 
01123014 	 10 
01123021 	 9 
01123023 	 1 
01123024 	 3 
01123030 	 7 
01123032 	 2 
01123034 	 16 
01123040 	 10 
01123041 	 5 
01123042 	 5 
01123043 	 4 
011231 	 338 
01123101 	 18 
01123104 	 20 
01123110 	 44 
01123112 	 2 
01123113 	 43 
01123114 	 36 
01123121 	 33 
01123124 	 1 
01123131 	 18 
01123132 	 1 
01123134 	 44 
01123140 	 4 
01123141 	 31 
01123142 	 20 
01123143 	 13 
011232 	 231 
01123201 	 11 
01123202 	 1 
01123204 	 9 
01123210 	 27 
01123212 	 5 
01123214 	 18 
01123221 	 40 
01123223 	 12 
01123224 	 13 
01123230 	 1 
01123232 	 14 
01123234 	 30 
01123240 	 2 
01123241 	 15 
01123242 	 16 
01123243 	 11 
0120 	 6313 
012001 	 89 
01200101 	 11 
01200102 	 25 
01200103 	 9 
01200110 	 17 
01200113 	 2 
01200120 	 9 
01200123 	 6 
01200130 	 2 
01200131 	 6 
012002 	 1211 
01200201 	 27 
01200202 	 73 
01200203 	 113 
01200210 	 107 
01200212 	 3 
01200213 	 18 
01200220 	 419 
01200223 	 56 
01200230 	 131 
01200231 	 58 
01200232 	 94 
012003 	 470 
01200301 	 10 
01200302 	 88 
01200303 	 17 
01200304 	 77 
01200310 	 26 
01200314 	 7 
01200320 	 40 
01200324 	 44 
01200330 	 30 
01200331 	 1 
01200334 	 13 
01200340 	 50 
01200341 	 13 
01200342 	 19 
01200343 	 21 
012010 	 668 
01201001 	 130 
01201002 	 138 
01201003 	 23 
01201010 	 27 
01201012 	 1 
01201013 	 47 
01201020 	 38 
01201021 	 5 
01201023 	 60 
01201030 	 71 
01201031 	 49 
01201032 	 35 
012012 	 3 
01201202 	 1 
01201221 	 1 
01201231 	 1 
012013 	 125 
01201301 	 2 
01201302 	 11 
01201304 	 3 
01201310 	 41 
01201313 	 4 
01201314 	 11 
01201320 	 9 
01201324 	 6 
01201331 	 10 
01201334 	 3 
01201340 	 6 
01201341 	 6 
01201342 	 8 
01201343 	 3 
012020 	 492 
01202001 	 5 
01202002 	 32 
01202003 	 37 
01202010 	 54 
01202012 	 1 
01202013 	 14 
01202020 	 140 
01202023 	 101 
01202030 	 50 
01202031 	 21 
01202032 	 12 
012021 	 10 
01202102 	 1 
01202112 	 2 
01202113 	 1 
01202120 	 4 
01202123 	 1 
012023 	 1296 
01202301 	 7 
01202302 	 103 
01202304 	 35 
01202310 	 74 
01202314 	 17 
01202320 	 88 
01202321 	 2 
01202323 	 96 
01202324 	 344 
01202332 	 84 
01202334 	 59 
01202340 	 92 
01202341 	 34 
01202342 	 89 
01202343 	 93 
012030 	 623 
01203001 	 3 
01203002 	 73 
01203003 	 58 
01203004 	 27 
01203010 	 37 
01203014 	 9 
01203020 	 26 
01203024 	 42 
01203030 	 35 
01203032 	 2 
01203034 	 109 
01203040 	 81 
01203041 	 16 
01203042 	 26 
01203043 	 41 
012031 	 264 
01203101 	 4 
01203102 	 22 
01203104 	 7 
01203110 	 27 
01203113 	 10 
01203114 	 7 
01203120 	 13 
01203123 	 1 
01203124 	 19 
01203131 	 11 
01203132 	 1 
01203134 	 55 
01203140 	 15 
01203141 	 26 
01203142 	 12 
01203143 	 15 
012032 	 493 
01203201 	 4 
01203202 	 70 
01203204 	 6 
01203210 	 32 
01203214 	 2 
01203220 	 8 
01203223 	 90 
01203224 	 34 
01203230 	 1 
01203232 	 27 
01203234 	 78 
01203240 	 17 
01203241 	 9 
01203242 	 50 
01203243 	 36 
0121 	 6097 
012101 	 361 
01210101 	 79 
01210103 	 37 
01210110 	 21 
01210112 	 61 
01210113 	 8 
01210120 	 2 
01210121 	 45 
01210123 	 42 
01210130 	 10 
01210131 	 38 
01210132 	 10 
012102 	 15 
01210201 	 1 
01210202 	 1 
01210210 	 1 
01210213 	 1 
01210220 	 6 
01210223 	 1 
01210230 	 2 
01210232 	 2 
012103 	 502 
01210301 	 38 
01210303 	 33 
01210304 	 93 
01210310 	 31 
01210312 	 32 
01210313 	 1 
01210314 	 9 
01210321 	 12 
01210323 	 1 
01210324 	 43 
01210330 	 36 
01210332 	 1 
01210334 	 21 
01210340 	 29 
01210341 	 46 
01210342 	 22 
01210343 	 36 
012110 	 666 
01211001 	 101 
01211003 	 11 
01211010 	 20 
01211012 	 287 
01211013 	 24 
01211021 	 57 
01211023 	 45 
01211030 	 37 
01211031 	 58 
01211032 	 16 
012112 	 559 
01211201 	 70 
01211202 	 1 
01211203 	 20 
01211210 	 70 
01211212 	 32 
01211213 	 34 
01211221 	 171 
01211223 	 28 
01211230 	 13 
01211231 	 59 
01211232 	 34 
012113 	 263 
01211301 	 4 
01211303 	 1 
01211304 	 12 
01211310 	 54 
01211312 	 37 
01211313 	 7 
01211314 	 28 
01211321 	 8 
01211324 	 17 
01211331 	 17 
01211334 	 12 
01211340 	 2 
01211341 	 36 
01211342 	 13 
01211343 	 9 
012120 	 15 
01212002 	 3 
01212010 	 1 
01212012 	 1 
01212021 	 2 
01212023 	 3 
01212031 	 1 
01212032 	 2 
012121 	 371 
01212101 	 46 
01212103 	 27 
01212110 	 29 
01212112 	 20 
01212113 	 12 
01212121 	 79 
01212123 	 67 
01212130 	 9 
01212131 	 42 
01212132 	 14 
012123 	 1256 
01212301 	 32 
01212302 	 1 
01212303 	 4 
01212304 	 52 
01212310 	 63 
01212312 	 44 
01212314 	 19 
01212320 	 3 
01212321 	 64 
01212323 	 90 
01212324 	 350 
01212332 	 81 
01212334 	 48 
01212340 	 48 
01212341 	 109 
01212342 	 82 
01212343 	 83 
012130 	 302 
01213001 	 2 
01213003 	 38 
01213004 	 12 
01213010 	 33 
01213012 	 15 
01213014 	 9 
01213020 	 2 
01213021 	 3 
01213023 	 1 
01213024 	 22 
01213030 	 22 
01213031 	 2 
01213032 	 2 
01213034 	 66 
01213040 	 16 
01213041 	 16 
01213042 	 5 
01213043 	 21 
012131 	 760 
01213101 	 35 
01213103 	 1 
01213104 	 26 
01213110 	 62 
01213112 	 32 
01213113 	 29 
01213114 	 27 
01213121 	 26 
01213123 	 3 
01213124 	 63 
01213131 	 31 
01213132 	 1 
01213134 	 164 
01213140 	 20 
01213141 	 106 
01213142 	 41 
01213143 	 41 
012132 	 459 
01213201 	 12 
01213202 	 1 
01213204 	 18 
01213210 	 25 
01213212 	 36 
01213213 	 1 
01213214 	 10 
01213221 	 4 
01213223 	 66 
01213224 	 38 
01213232 	 30 
01213234 	 85 
01213240 	 22 
01213241 	 32 
01213242 	 36 
01213243 	 31 
